0 57.0199082 9.9680372
1 57.0194377 9.9685021
2 57.0195603 9.967835
3 57.0197306 9.9687583
4 57.019582 9.9687379
5 57.0199391 9.9683571
6 57.0197686 9.967818
7 57.0194119 9.9681962
8 57.0196886 9.9755414
9 57.0096464 9.9829754
10 57.0093627 9.9828528
11 57.008456 9.9825587
12 57.0081567 9.9823952
13 57.0079373 9.9821385
14 57.0077471 9.9812649
15 57.0076672 9.980838
16 57.0075445 9.9798484
17 57.0071805 9.9789944
18 57.021641 9.9654291
19 57.0213847 9.9659944
20 57.0205225 9.9677519
21 57.0204119 9.967827
22 57.0201988 9.9679502
23 57.0123563 9.9802366
24 57.0121564 9.9803088
25 57.0119773 9.9803143
26 57.0118689 9.9803459
27 57.0114422 9.9806788
28 57.0102888 9.9816535
29 57.0100234 9.9818803
30 57.0099549 9.9819642
31 57.0084846 9.9864789
32 57.0073726 9.9886559
33 57.0062963 9.9931799
34 57.0189647 9.9763274
35 57.0188341 9.9765456
36 57.0187499 9.9767875
37 57.0186819 9.9772812
38 57.0185993 9.9843609
39 57.0184967 9.9914682
40 57.0192418 9.9893202
41 57.0193614 9.9892544
42 57.0194051 9.9766783
43 57.019522 9.9765702
44 57.0198678 9.962022
45 57.0198986 9.9635398
46 57.019809 9.9661832
47 57.0204233 9.967896
48 57.0229101 9.9892098
49 57.0237405 9.9892182
50 57.0240563 9.989264
51 57.0242438 9.9893111
52 57.0249065 9.9895784
53 57.0258115 9.9900762
54 57.0261117 9.9901783
55 57.0264136 9.9902268
56 57.0267203 9.9901919
57 57.0271055 9.9900601
58 57.027704 9.9897173
59 57.0281822 9.9894475
60 57.0282851 9.9893914
61 57.0124054 9.984093
62 57.0121328 9.9840179
63 57.011809 9.9838176
64 57.0114608 9.9834627
65 57.0117014 9.9827478
66 57.0121384 9.9813039
67 57.007132 9.9939233
68 57.0077547 9.9939468
69 57.0089398 9.9941421
70 57.00991 9.9944615
71 57.0116449 9.994654
72 57.012715 9.9942864
73 57.0131702 9.9942565
74 57.0176994 9.9680951
75 57.0176931 9.9682893
76 57.0176303 9.9683759
77 57.0175515 9.9683605
78 57.0175087 9.9682751
79 57.0175116 9.9680793
80 57.0175568 9.968009
81 57.0176435 9.9680013
82 57.0176289 9.9678459
83 57.0176215 9.9677084
84 57.0176122 9.9674407
85 57.0175915 9.9677084
86 57.0175821 9.9678447
87 57.0176644 9.9666788
88 57.0183285 9.9659625
89 57.0184561 9.9659676
90 57.0185339 9.9659554
91 57.0186412 9.9658966
92 57.0186952 9.9658425
93 57.0188108 9.9656683
94 57.0188451 9.9655834
95 57.0188921 9.965411
96 57.018921 9.9652775
97 57.0189647 9.9640446
98 57.0194643 9.9641051
99 57.0195236 9.9633131
100 57.0189912 9.963262
101 57.0188178 9.9633427
102 57.0187853 9.9643474
103 57.0189506 9.964448
104 57.019296 9.9681925
105 57.0193792 9.9683552
106 57.0178602 9.968144
107 57.0178209 9.9682631
108 57.0179639 9.9682434
109 57.0179679 9.9681474
110 57.0236697 9.9625456
111 57.0262835 9.9600754
112 57.0246463 10.0071282
113 57.0247445 10.007205
114 57.0237376 10.0061709
115 57.0230408 10.0055088
116 57.0222752 10.0050362
117 57.0214338 10.0048478
118 57.021602 10.005074
119 57.0221671 10.0052319
120 57.0230032 10.0056964
121 57.0236775 10.0063633
122 57.0245799 10.0073018
123 57.0246574 10.0073808
124 57.0141664 10.0053485
125 57.0195259 9.9998014
126 57.0196321 9.9997022
127 57.0186777 9.9781233
128 57.0181678 9.9781051
129 57.0181683 9.9757985
130 57.0185191 9.9743056
131 57.0187333 9.9745118
132 57.0188503 9.9750264
133 57.0187744 9.9747657
134 57.0190968 9.9754
135 57.024744 9.9757499
136 57.0258072 9.9759332
137 57.0175986 9.9687397
138 57.0168042 9.9680978
139 57.0164035 9.9680212
140 57.0160084 9.9678848
141 57.0158577 9.9678179
142 57.0136261 9.9664986
143 57.0134883 9.96658
144 57.0135163 9.9664159
145 57.0134851 9.9663004
146 57.013416 9.9662418
147 57.013312 9.9663421
148 57.0132981 9.966469
149 57.0133439 9.9666085
150 57.0134209 9.9666438
151 57.0136058 9.9666152
152 57.0158367 9.9679046
153 57.0159972 9.9679764
154 57.0163958 9.9681192
155 57.0168008 9.9681931
156 57.0129034 9.9644149
157 57.0127001 9.9655594
158 57.0125455 9.9664017
159 57.0122082 9.9683569
160 57.0128754 9.9682692
161 57.0131344 9.9667926
162 57.0132591 9.9659498
163 57.0136898 9.9635527
164 57.0135404 9.9643866
165 57.0123676 9.9674261
166 57.0124088 9.9672179
167 57.0129992 9.9675565
168 57.0118496 9.9671244
169 57.013964 9.9634552
170 57.0139098 9.9634093
171 57.0130424 9.9686982
172 57.0130895 9.9684314
173 57.0130402 9.9684027
174 57.0133701 9.9685949
175 57.0135057 9.9678098
176 57.0133469 9.9677173
177 57.0132113 9.9685024
178 57.0131731 9.9676496
179 57.0132218 9.9676795
180 57.0137194 9.9644656
181 57.0137747 9.964506
182 57.0125831 9.977932
183 57.0125537 9.9778526
184 57.0124297 9.9778291
185 57.0124002 9.9778749
186 57.0124287 9.978168
187 57.0125474 9.9781551
188 57.0125107 9.9786995
189 57.0124926 9.9790735
190 57.0128013 9.9698303
191 57.0126878 9.9710307
192 57.0128367 9.9699983
193 57.0127628 9.9707185
194 57.0126954 9.9719212
195 57.0125759 9.9767507
196 57.0126301 9.976649
197 57.0211547 9.96658
198 57.0214226 9.9670725
199 57.0217134 9.9676492
200 57.0220044 9.9681492
201 57.0222063 9.9684016
202 57.0224725 9.9686807
203 57.0228423 9.9689782
204 57.0222694 9.9668655
205 57.021463 9.9704319
206 57.0207759 9.9702414
207 57.0223498 9.9710569
208 57.0235027 9.9661901
209 57.0229822 9.9683957
210 57.0239903 9.9691865
211 57.0235121 9.9711602
212 57.0244283 9.9673014
213 57.0241558 9.962095
214 57.0245139 9.962941
215 57.0248083 9.963336
216 57.0250177 9.9635321
217 57.0254068 9.9637708
218 57.0292762 9.9654291
219 57.0175781 9.9714183
220 57.0187646 9.9714598
221 57.0194875 9.9946589
222 57.0194969 9.9941652
223 57.0194011 9.9939794
224 57.0191391 9.9939628
225 57.0190179 9.9942008
226 57.0191559 9.9948466
227 57.019385 9.994832
228 57.0195217 9.994286
229 57.0190302 9.9946392
230 57.0102028 9.9876953
231 57.0101413 9.9882368
232 57.0104372 9.991743
233 57.0107787 9.9928397
234 57.0099588 9.9803695
235 57.0098198 9.9797743
236 57.0096409 9.979463
237 57.0077912 9.9774792
238 57.0074765 9.9767541
239 57.0074606 9.9763663
240 57.0035325 9.9597404
241 57.0029521 9.9566543
242 57.0166478 9.9913616
243 57.0154956 9.9886386
244 57.0157995 9.9886581
245 57.0157918 9.9897002
246 57.0160778 9.9897747
247 57.0161208 9.9898361
248 57.0165914 9.9898629
249 57.016595 9.9901625
250 57.0165016 9.990501
251 57.0164717 9.990981
252 57.0165297 9.9912133
253 57.0182526 9.9929456
254 57.0182198 9.9948332
255 57.0184795 9.9929589
256 57.0204836 10.0053224
257 57.0219298 10.0176207
258 57.0224548 10.0273507
259 57.022204 10.0342454
260 57.0215709 10.0398471
261 57.0177576 10.0054135
262 57.0187751 10.0053727
263 57.020468 9.9645457
264 57.0204493 9.9652327
265 57.0203925 9.966024
266 57.0204243 9.9664081
267 57.0205657 9.9670335
268 57.0185792 9.985609
269 57.0185878 9.9849529
270 57.0109419 9.9939593
271 57.015419 9.9856394
272 57.0109478 9.9942839
273 57.0131376 9.9895149
274 57.012986 9.9882654
275 57.0131342 9.9889661
276 57.0133493 9.9825912
277 57.0133697 9.9814304
278 57.0136237 9.9809328
279 57.0136431 9.9802832
280 57.0152068 9.9790331
281 57.0148267 9.9790226
282 57.0148351 9.9781206
283 57.014754 9.9780366
284 57.0143765 9.9780149
285 57.0142199 9.9781123
286 57.0125782 9.9780869
287 57.0163305 9.9781318
288 57.0180443 9.9596551
289 57.0179765 9.9611834
290 57.0175454 9.961116
291 57.0162823 9.9748211
292 57.0150787 9.9730193
293 57.0155215 9.9780981
294 57.0157216 9.9945281
295 57.0157348 9.9916165
296 57.0148653 9.984214
297 57.0163042 9.9724152
298 57.0148551 9.9856235
299 57.0200371 10.013715
300 57.0190747 10.0158671
301 57.0207837 10.0117709
302 57.016977 10.0220311
303 57.0186343 10.0170071
304 57.0172698 10.0209771
305 57.0164756 10.0243548
306 57.0164256 9.9913503
307 56.9964084 10.0194881
308 57.0231807 9.963064
309 57.0221371 9.9645156
310 57.0210721 10.011079
311 57.0082207 9.9931244
312 57.0079806 9.9929518
313 57.0079026 9.9929532
314 57.0070684 9.9926077
315 57.0064044 9.9923155
316 57.0063569 9.9922924
317 57.0083144 9.9940229
318 57.0077413 10.0007913
319 57.00761 10.0042023
320 57.0116761 10.0013638
321 57.0116566 10.0049055
322 57.0115734 9.9946779
323 57.0116398 9.9962401
324 57.0125133 9.9876527
325 57.0125203 9.9863354
326 57.0125374 9.9841065
327 57.0116434 9.9863144
328 57.0135731 9.9841582
329 57.013585 9.9830516
330 57.0157694 9.9759249
331 57.016215 9.9759464
332 57.0156871 9.9729927
333 57.015672 9.9743836
334 57.0080511 9.9905697
335 57.0080203 9.9912494
336 57.0080421 9.9916295
337 57.0081283 9.9919918
338 57.0081531 9.9922714
339 57.0080788 9.9928085
340 57.0087599 9.9906359
341 57.0071481 9.9904788
342 57.0070889 9.9904623
343 57.0069966 9.9904058
344 57.0068491 9.9902445
345 57.0087394 9.9911202
346 57.0099068 9.9882367
347 57.0092697 9.9899666
348 57.0089238 9.9907905
349 57.009208 9.9864776
350 57.0092318 9.9861417
351 57.0088822 9.9853036
352 57.0077482 9.9853614
353 57.0077497 9.9851672
354 57.0076844 9.9850543
355 57.0072854 9.9850281
356 57.0072419 9.9850612
357 57.0072329 9.9852843
358 57.0072802 9.9853366
359 57.0080887 9.9853848
360 57.0082094 9.9852554
361 57.0083219 9.9849882
362 57.0084397 9.9848573
363 57.0076112 9.9802822
364 57.0115788 9.9826529
365 57.0109442 9.9826535
366 57.0106307 9.9825874
367 57.0105788 9.9825747
368 57.0229539 9.9633525
369 57.0223682 9.9641595
370 57.0256547 10.0081585
371 57.0157436 9.9930649
372 57.0058478 10.0212388
373 57.0026604 10.0187832
374 56.9981211 10.0182412
375 56.9980272 10.018282
376 56.9979019 10.0188163
377 56.9978047 10.0190577
378 56.9977157 10.0191268
379 57.0076764 10.0255819
380 57.0074051 10.0234204
381 57.006983 10.0224621
382 57.0148344 10.0314867
383 57.0085322 10.02636
384 57.0063977 10.0280023
385 57.0312198 9.9657854
386 57.0248513 10.0012956
387 57.024069 10.0003155
388 57.0237514 9.9998367
389 57.0229794 9.9983836
390 57.0225414 9.9974316
391 57.0223646 9.9969543
392 57.0221315 9.9961788
393 57.0269306 9.9762411
394 57.0283137 9.9650322
395 57.0275394 9.9646827
396 57.0241544 10.0087276
397 57.0239707 10.0095753
398 57.0185082 9.990653
399 57.018027 9.9906399
400 57.0180192 9.9897061
401 57.0178421 9.9894373
402 57.0169824 9.9894791
403 57.0168445 9.9905249
404 57.0170269 9.990824
405 57.0173104 9.9909484
406 57.0180201 9.9909718
407 57.0177756 9.9904178
408 57.0176291 9.990409
409 57.0172098 9.9903918
410 57.0176312 9.9914169
411 57.0179514 9.9895147
412 57.0178771 9.9906277
413 57.0173104 9.9905372
414 57.0171113 9.9894761
415 57.0172951 9.9908306
416 57.0172977 9.9914048
417 57.0172016 9.9895171
418 57.0170802 9.9782259
419 57.018083 9.978187
420 57.0167594 9.9759618
421 57.0173291 9.9758911
422 57.0176819 9.975903
423 57.0178104 9.9760884
424 57.0181671 9.9760912
425 57.0168592 9.9896451
426 57.0175384 9.9914175
427 57.0175073 9.9948004
428 57.0166243 9.9884604
429 57.0177415 9.9917423
430 57.0185765 9.9866043
431 57.017839 9.9863409
432 57.0179997 9.9863477
433 57.0180184 9.9848621
434 57.0178577 9.9848553
435 57.0178643 9.9843307
436 57.0203799 9.9798341
437 57.0203779 9.9804215
438 57.0210678 9.980414
439 57.0216954 9.9804103
440 57.0243786 9.9803517
441 57.0221978 9.9802072
442 57.0222013 9.9807628
443 57.0219821 9.9802069
444 57.0221701 9.9796848
445 57.0216952 9.9802132
446 57.0218315 9.9796674
447 57.0210734 9.9798194
448 57.0223207 9.9802072
449 57.022517 9.9796609
450 57.0226651 9.9801962
451 57.0228575 9.979658
452 57.0243428 9.9809474
453 57.0185477 9.9878436
454 57.0178361 9.9865713
455 57.018327 9.9863616
456 57.0183426 9.9851244
457 57.0181725 9.9851172
458 57.0181569 9.9863544
459 57.0181756 9.9848688
460 57.0197855 9.989184
461 57.0198289 9.9979767
462 57.0200675 10.0003645
463 57.0167547 9.9763228
464 57.0273481 9.966319
465 57.020468 9.9637659
466 57.0208952 9.963766
467 57.0208952 9.9645458
468 57.0203429 9.9671977
469 57.0201051 9.9673365
470 57.0203954 9.9667639
471 57.0202832 9.966663
472 57.0200946 9.9667924
473 57.0200387 9.9669067
474 57.0204841 9.9671053
475 57.0209056 10.0050512
476 57.0215344 9.9892108
477 57.0215249 9.9899605
478 57.0215255 9.9910866
479 57.0215293 9.991807
480 57.021567 9.9928163
481 57.0216617 9.9938764
482 57.0219701 9.9955657
483 57.0197084 9.9906491
484 57.0200392 9.9907099
485 57.0201123 9.9901003
486 57.0200326 9.9912871
487 57.0211892 9.991313
488 57.020007 9.9925482
489 57.02121 9.9925025
490 57.0196383 9.9930944
491 57.0199735 9.9931041
492 57.019999 9.9938401
493 57.0203827 9.9938186
494 57.0209059 9.9937376
495 57.0212878 9.9936376
496 57.0214409 9.9947569
497 57.0221354 9.9974301
498 57.0228243 9.9990545
499 57.0235163 10.0003238
500 57.0196868 9.9956219
501 57.0200154 9.9955841
502 57.0200581 9.9963711
503 57.0209448 9.9961331
504 57.0216381 9.9957488
505 57.0200293 9.9951761
506 57.0202576 9.99514
507 57.0205592 9.9950841
508 57.0198978 9.9987584
509 57.0202571 9.9986448
510 57.0205362 9.9985266
511 57.0208942 9.9983458
512 57.0212195 9.9981575
513 57.0217179 9.9977708
514 57.0217445 9.9989151
515 57.0210796 9.9994188
516 57.0203841 9.9998382
517 57.0201868 9.9978072
518 57.0208067 9.9976187
519 57.0215125 9.9979463
520 57.0213679 9.9972258
521 57.0202539 10.0018227
522 57.020503 10.001718
523 57.0208846 10.0015224
524 57.0213993 10.0011784
525 57.0217425 10.0009128
526 57.0226186 10.0000237
527 57.023051 9.9994873
528 57.0230369 10.0010753
529 57.0224249 10.0002336
530 57.0222166 9.9996164
531 57.0221168 10.0005736
532 57.0224674 10.0016913
533 57.0216389 10.0009948
534 57.0219624 10.0023284
535 57.0211241 10.0013778
536 57.0213981 10.0027227
537 57.0206805 10.0028943
538 57.0206098 10.0016668
539 57.0204906 10.0008023
540 57.0212343 10.0012989
541 57.0210643 10.0004723
542 57.021836 10.0008323
543 57.0216385 10.0000961
544 57.0256334 10.0022333
545 57.0242441 10.0005563
546 57.0220465 9.9971856
547 57.0222146 9.9976669
548 57.022084 9.9960105
549 57.0197687 9.9971822
550 57.0209003 10.004824
551 57.02058 10.0069909
552 57.0204939 10.0069993
553 57.021199 9.9901061
554 57.0149065 9.9884918
555 57.0156242 9.9725086
556 57.0143023 9.9856025
557 57.0142784 9.9877056
558 57.0162586 9.9792887
559 57.0155272 9.9791406
560 57.0163663 9.9759509
561 57.0168082 9.975864
562 57.0237884 9.9900509
563 57.0241172 9.9901106
564 57.0241965 9.9901498
565 57.0194715 9.9685953
566 57.0196555 9.9687675
567 57.0198054 9.9687068
568 57.0198686 9.968617
569 57.0199421 9.9682471
570 57.0198789 9.9679598
571 57.019842 9.9678943
572 57.0195041 9.9679013
573 57.0194586 9.967991
574 57.0194084 9.9682971
575 57.0195286 9.9944144
576 57.0194557 9.9940607
577 57.0193517 9.9939361
578 57.0190874 9.9940274
579 57.0190004 9.9943042
580 57.0190065 9.9945366
581 57.0191046 9.9947926
582 57.0193298 9.9948711
583 57.0194425 9.994758
584 57.0205096 10.0052604
585 57.0157129 9.991469
586 57.0158176 9.9842442
587 57.0217932 9.9651393
588 57.0177634 9.9819781
589 57.0171161 9.9820639
590 57.0170411 9.9823068
591 57.0167853 9.9823011
592 57.0167846 9.9823972
593 57.0163799 9.9823753
594 57.0167896 9.9811873
595 57.0163815 9.9811436
596 57.0171021 9.9793181
597 57.018128 9.9793044
598 57.0186509 9.980013
599 57.0175277 9.9837125
600 57.0175299 9.9834287
601 57.017352 9.9834261
602 57.0173048 9.9827953
603 57.017394 9.9827748
604 57.0174084 9.982014
605 57.0162874 9.9839072
606 57.0170364 9.9839356
607 57.0170291 9.9843049
608 57.0178403 9.9819935
609 57.0178223 9.9837248
610 57.0174847 9.983711
611 57.0174435 9.9838868
612 57.012328 9.9944202
613 57.0125143 9.9878019
614 57.0125116 9.9879147
615 57.0129863 9.9879315
616 57.0134376 9.9879305
617 57.013496 9.9879331
618 57.0101318 9.989875
619 57.0102495 9.9908976
620 57.0139377 9.9855475
621 57.0139403 9.985256
622 57.0136901 9.9852729
623 57.0201966 9.9804212
624 57.0264367 9.9902269
625 57.0169496 9.979314
626 57.0172388 9.983409
627 57.0172325 9.9839422
628 57.0186272 9.9825069
629 57.0178236 9.9836771
630 57.0182138 9.9834061
631 57.0182341 9.981955
632 57.0182264 9.9824949
633 57.0167048 9.9839233
634 57.0167369 9.9833541
635 57.0167416 9.9830484
636 57.016776 9.9829881
637 57.0173027 9.9834127
638 57.0240234 9.995274
639 57.0232856 9.9918283
640 57.023938 9.9914671
641 57.0231127 9.9955873
642 57.0231735 9.9957569
643 57.0232794 9.9960526
644 57.0227701 9.9944713
645 57.0239187 9.9948844
646 57.022825 9.9907345
647 57.0223314 9.990819
648 57.0231714 9.990671
649 57.0228634 9.9907293
650 57.0229693 9.9919659
651 57.0229536 9.9920022
652 57.0227638 9.9920885
653 57.0227227 9.9920739
654 57.0225942 9.9921231
655 57.0225741 9.9921689
656 57.0224252 9.9922236
657 57.0224574 9.9924867
658 57.0231153 9.993891
659 57.0233025 9.9945831
660 57.0233072 9.9946861
661 57.0234502 9.9952441
662 57.0227487 9.9940898
663 57.0226204 9.9934072
664 57.0223869 9.991991
665 57.0223573 9.9914601
666 57.0223292 9.9907815
667 57.0223133 9.9901679
668 57.02284 9.99018
669 57.0228889 9.9913771
670 57.023128 9.9929611
671 57.0232997 9.9936968
672 57.0248795 9.9947183
673 57.0229151 9.989651
674 57.0231213 9.9896739
675 57.0231286 9.9899762
676 57.0231993 9.9909897
677 57.0234707 9.9927978
678 57.0237975 9.9940567
679 57.0237505 9.9943053
680 57.0239092 9.9948064
681 57.0234916 9.9953007
682 57.0229073 9.9950482
683 57.0227205 9.994121
684 57.0230612 9.9938676
685 57.0232857 9.9937554
686 57.0235339 9.9935974
687 57.0241543 9.9925893
688 57.0242762 9.9930265
689 57.0249052 9.9922892
690 57.0245054 9.9926067
691 57.0244404 9.9923627
692 57.0243464 9.991964
693 57.0242121 9.9911942
694 57.0241384 9.9906242
695 57.0246448 9.9930748
696 57.0251112 9.9943207
697 57.0251087 9.9944273
698 57.0240432 9.9920478
699 57.0238577 9.9908797
700 57.0254487 9.9938476
701 57.0245498 9.9901088
702 57.0245743 9.9894268
703 57.024557 9.9896169
704 57.024645 9.9910248
705 57.0248192 9.9919587
706 57.0245567 9.9902931
707 57.0248433 9.9923437
708 57.023151 9.9903156
709 57.0231031 9.9906865
710 57.023225 9.9918612
711 57.0253117 9.9758318
712 57.0176774 9.9680409
713 57.0176075 9.9679879
714 57.0175274 9.9680496
715 57.0174991 9.9681738
716 57.0175285 9.9683169
717 57.0176046 9.9683765
718 57.0135063 9.9665312
719 57.0135159 9.9664749
720 57.0135058 9.9663534
721 57.0134534 9.9662597
722 57.0133751 9.9662499
723 57.0133388 9.966285
724 57.0132984 9.9664134
725 57.0133061 9.9665228
726 57.0133217 9.9665705
727 57.0133806 9.9666393
728 57.0134577 9.9666229
729 57.0176784 9.9683217
730 57.0177077 9.9682274
731 57.0177099 9.96816
732 57.0162354 9.9771694
733 57.016838 9.9772137
734 57.0169212 9.9771071
735 57.0171581 9.9771133
736 57.0172837 9.9769573
737 57.0178031 9.9769747
738 57.0178562 9.9770729
739 57.0181859 9.9770987
740 57.0171401 9.9781824
741 57.0172037 9.9781883
742 57.0171898 9.9792598
743 57.017445 9.9792679
744 57.016893 9.973503
745 57.0169655 9.9736064
746 57.0169564 9.9742447
747 57.0169283 9.9743367
748 57.0169171 9.975564
749 57.0211762 9.975762
750 57.0232551 9.9792768
751 57.0205786 9.9757929
752 57.0216628 9.9743627
753 57.0211714 9.9753317
754 57.0244157 9.9797344
755 57.0238001 9.9729583
756 57.0212138 9.9750958
757 57.0232082 9.9756356
758 57.0207183 9.9748262
759 57.0205791 9.975703
760 57.0220474 9.9735778
761 57.0211973 9.9742625
762 57.0210899 9.9748033
763 57.0204074 9.9751363
764 57.0207245 9.9751108
765 57.0232484 9.9785554
766 57.0216755 9.9742211
767 57.0237509 9.9756725
768 57.0198829 9.9751587
769 57.0212658 9.9749827
770 57.0223123 9.964246
771 57.0204013 9.9748541
772 57.0232582 9.9801936
773 57.0205701 9.975287
774 57.0216327 9.974478
775 57.0198803 9.9748852
776 57.016203 9.990876
777 57.0157698 9.9908953
778 57.015572 9.990904
779 57.0255678 10.0120024
780 57.0219289 10.007456
781 57.0257972 10.011271
782 57.0232456 10.0139269
783 57.0220234 10.0073457
784 57.0233811 10.0130741
785 57.0219544 10.0073788
786 57.0218725 10.0051223
787 57.0230103 10.0138105
788 57.022139 10.0073595
789 57.0244185 10.0098422
790 57.0256559 10.0042641
791 57.0228113 10.0136165
792 57.0239244 10.013427
793 57.0218603 10.0049151
794 57.0229128 10.0137359
795 57.0222589 10.0074457
796 57.0237278 10.0132809
797 57.0242557 10.0097315
798 57.0227341 10.0134747
799 57.0241116 10.0088877
800 57.0226157 10.0054449
801 57.023359 10.0057658
802 57.0226707 10.013292
803 57.0248289 10.0143584
804 57.0227416 10.0052882
805 57.022142 10.0093201
806 57.0253086 10.012829
807 57.0225401 10.0123324
808 57.0219124 10.0075718
809 57.0188626 10.016376
810 57.0057304 10.0293455
811 57.0224404 10.0256228
812 57.015626 10.0054803
813 57.0171123 10.0214955
814 57.021981 10.0365601
815 57.0057689 10.0035464
816 57.0223059 10.0328122
817 57.0195286 10.0148247
818 57.0044559 10.0314824
819 57.0031965 10.0342272
820 57.0101063 9.9888874
821 57.0217889 10.0164359
822 57.0077541 10.0248156
823 57.0023042 10.0343288
824 57.0077988 10.0257254
825 57.0063051 9.9936995
826 57.0104712 9.9864273
827 57.0025082 10.0341974
828 57.0077536 10.0252664
829 57.0217675 10.0383732
830 57.0222033 10.0205839
831 57.0147404 10.0314755
832 57.0223838 10.0313201
833 57.0033794 10.0340454
834 57.0227813 9.9943827
835 57.0231393 9.9956392
836 57.0230262 9.995443
837 57.0237161 9.9942616
838 57.0240321 9.9900255
839 57.0109198 9.9936831
840 57.0125687 9.9894996
841 57.0139671 9.9855935
842 57.0098427 9.9883442
843 57.0118533 9.9877185
844 57.0105878 9.99223
845 57.0137855 9.9879767
846 57.0118427 9.9885984
847 57.0151804 9.9847088
848 57.0134286 9.989528
849 57.0140583 9.9879919
850 57.0120538 9.9878731
851 57.0151734 9.9856343
852 57.0137763 9.9885705
853 57.0094818 9.9872086
854 57.0117053 9.9876496
855 57.0107274 9.9921048
856 57.0120684 9.9879075
857 57.0114535 9.9874867
858 57.0107679 9.9920772
859 57.0120504 9.9889132
860 57.0140611 9.9885823
861 57.01378 9.9882896
862 57.0131419 9.9891549
863 57.0119725 9.9839293
864 57.010345 9.9913632
865 57.0125519 9.9891548
866 57.0140646 9.988303
867 57.0153419 9.9847098
868 57.0120598 9.9889493
869 57.0119987 9.9877863
870 57.0114521 9.9877679
871 57.015015 9.985631
872 57.0140675 9.9880693
873 57.0119455 9.9877487
874 57.0116959 9.988304
875 57.0150244 9.9847252
876 57.0153345 9.9856376
877 57.0116214 9.9921079
878 57.0142342 9.987753
879 57.0103471 9.9869201
880 57.0101106 9.9893841
881 57.0124758 9.9893991
882 57.0175084 9.9875322
883 57.0187003 9.9770294
884 57.0173533 9.9875256
885 57.0176859 9.9867884
886 57.017518 9.9867813
887 57.0173628 9.9867747
888 57.0176754 9.9875393
889 57.0163537 9.9781892
890 57.0178333 9.9867947
891 57.0171458 9.9895108
892 57.0173798 9.9894218
893 57.0178238 9.9875456
894 57.0181553 9.9769341
895 57.0156607 9.9759217
896 57.0155667 9.9760613
897 57.0196347 9.9677928
898 57.0197016 9.9677895
899 57.0196511 9.9674873
900 57.0199316 9.9681386
901 57.020065 9.9680015
902 57.02007 9.9681928
903 57.0203223 9.9760646
904 57.0192863 9.9683079
905 57.0198007 9.9677776
906 57.0199145 9.9684969
907 57.0223212 9.9800834
908 57.0217027 9.9799664
909 57.0226703 9.9800657
910 57.0219909 9.9800722
911 57.0232586 9.9803521
912 57.0232601 9.9809556
913 57.014729 9.9833069
914 57.0148847 9.9833142
915 57.0150201 9.9815466
916 57.0145609 9.9833001
917 57.0200129 9.9952268
918 57.0248333 10.0072927
919 57.0242448 10.0085141
920 57.0241901 10.0084591
921 57.019977 9.9937945
922 57.0200161 9.991253
923 57.0204722 9.9925485
924 57.021798 9.9947306
925 57.0204103 9.9963191
926 57.0199827 9.9926392
927 57.0243229 10.0080165
928 57.0208858 9.9949886
929 57.0269181 9.9901345
930 57.0282605 9.9894047
931 57.0200827 9.9964039
932 57.0197895 10.0052174
933 57.0198254 10.0050153
934 57.0198401 10.0052285
935 57.0202757 10.0042697
936 57.0200903 10.0042621
937 57.0200524 10.005361
938 57.0203935 10.0044586
939 57.0197598 10.0050457
940 57.0201931 10.0039733
941 57.0199322 10.0052734
942 57.0196614 10.0052269
943 57.0199668 10.0048055
944 57.0200806 10.0040473
945 57.0200513 10.0045493
946 57.0246483 10.0010499
947 57.0255986 10.0063188
948 57.0239254 10.0001199
949 57.0252297 10.0058102
950 57.0242019 10.0006763
951 57.0240909 9.999825
952 57.0256057 10.0070663
953 57.0239706 10.0001815
954 57.0255844 10.0061819
955 57.0298654 9.965552
956 57.0245507 9.9901497
957 57.0233627 9.9892035
958 57.0235389 9.9933232
959 57.0233718 9.9923215
960 57.0248426 9.9936568
961 57.0237622 9.9941825
962 57.0241143 9.9903332
963 57.0250179 9.992682
964 57.0241286 9.9925104
965 57.0242552 9.9914772
966 57.0244222 9.9901638
967 57.0247791 9.99236
968 57.0251329 9.9930312
969 57.0235901 9.9932767
970 57.0239234 9.9913317
971 57.0244988 9.9937266
972 57.0244141 9.9934852
973 57.0245453 9.9898469
974 57.0234836 9.993539
975 57.0081859 9.9780667
976 57.0068223 9.9750361
977 57.0183123 9.9593611
978 57.0195711 9.961802
979 57.0193401 9.9608501
980 57.0195711 9.9619877
981 57.0195531 9.9616339
982 57.01928 9.9606479
983 57.0195145 9.9614769
984 57.0191512 9.9603361
985 57.0188635 9.9597833
986 57.0194568 9.9612867
987 57.0189959 9.960031
988 57.0184348 9.9592748
989 57.019528 9.9631215
990 57.0207393 9.9674877
991 57.0203244 9.9666631
992 57.0196627 9.967288
993 57.0208886 9.9672137
994 57.0197743 9.967284
995 57.0226469 9.9637661
996 57.0197742 9.9674811
997 57.0094862 9.9822298
998 57.0097945 9.9857728
999 57.0091203 9.9816477
1000 57.0091035 9.982026
1001 57.0091541 9.9865455
1002 57.011427 9.9806125
1003 57.0081066 9.9927231
1004 57.0104777 9.9808834
1005 57.0075553 9.9881809
1006 57.0098301 9.982215
1007 57.0112905 9.9808156
1008 57.00927 9.9843889
1009 57.0091785 9.9859639
1010 57.0097854 9.9796736
1011 57.0116138 9.9798567
1012 57.0090109 9.9877473
1013 57.0066703 9.9812616
1014 57.0091992 9.9843568
1015 57.0066891 9.9917734
1016 57.0097063 9.9843279
1017 57.0123357 9.9803708
1018 57.0081486 9.9921033
1019 57.010519 9.982502
1020 57.0093094 9.9857972
1021 57.0114431 9.980068
1022 57.0090425 9.9827588
1023 57.009775 9.9824349
1024 57.0112875 9.9815794
1025 57.009389 9.9844131
1026 57.0080452 9.9930362
1027 57.0090555 9.9871162
1028 57.0122521 9.9803308
1029 57.0093693 9.9857703
1030 57.0089522 9.9838216
1031 57.0114635 9.9799446
1032 57.011305 9.9809263
1033 57.0091032 9.9867637
1034 57.0100287 9.984621
1035 57.0090951 9.9827839
1036 57.0114956 9.9798829
1037 57.0101299 9.981037
1038 57.0115336 9.9798534
1039 57.017834 9.9867395
1040 57.0155349 9.9856443
1041 57.0155743 9.9857811
1042 57.0156035 9.9879241
1043 57.015548 9.9878329
1044 57.0155597 9.9870788
1045 57.0157015 9.9879282
1046 57.0155787 9.9858455
1047 57.0157583 9.9870872
1048 57.0157532 9.9874322
1049 57.0156598 9.9809952
1050 57.0156429 9.9820376
1051 57.0154981 9.9823395
1052 57.0166225 9.9897727
1053 57.0154741 9.984228
1054 57.0140315 9.9850415
1055 57.0142137 9.9856001
1056 57.0143833 9.9856061
1057 57.0145544 9.9856138
1058 57.0147241 9.9856213
1059 57.0140278 9.9855917
1060 57.0082953 9.9795405
1061 57.0089127 9.9796571
1062 57.0080002 9.977831
1063 57.0083837 9.9782874
1064 57.0087157 9.9794963
1065 57.0077644 9.9786803
1066 57.0077299 9.978493
1067 57.0083303 9.9795405
1068 57.0089434 9.9796008
1069 57.0083544 9.9784186
1070 57.0078124 9.9794461
1071 57.0079593 9.9802845
1072 57.0086128 9.9794802
1073 57.0090592 9.9789691
1074 57.0079169 9.9795948
1075 57.0082471 9.9794762
1076 57.0078304 9.9795233
1077 57.0086609 9.9794802
1078 57.0078731 9.9795742
1079 57.0082646 9.9795244
1080 57.0088821 9.9796611
1081 57.0247631 9.9934194
1082 57.0027806 9.9556124
1083 57.0160105 10.0265438
1084 57.0224532 10.0290709
1085 57.0224517 10.026909
1086 57.0160905 10.0261671
1087 56.9997963 10.0179418
1088 57.0131291 9.9818149
1089 57.0125067 9.9775424
1090 57.0126548 9.9715908
1091 57.0128487 9.9809436
1092 57.0127152 9.9713926
1093 57.0127516 9.98123
1094 57.012219 9.9809708
1095 57.0127152 9.9818095
1096 57.0120139 9.981789
1097 57.0125623 9.9775654
1098 57.0135817 9.9833674
1099 57.0129569 9.9806395
1100 57.0128499 9.9808271
1101 57.0131217 9.9824834
1102 57.0132711 9.9807915
1103 57.0131375 9.9812414
1104 57.0127896 9.9826415
1105 57.0134975 9.9833621
1106 57.0140714 9.9626817
1107 57.0144549 9.9610037
1108 57.0075905 9.983477
1109 57.0076986 9.9832946
1110 57.0077657 9.9828225
1111 57.0073159 9.9837505
1112 57.006942 9.9846625
1113 57.0076577 9.9833858
1114 57.0077891 9.9824684
1115 57.0077424 9.9831014
1116 57.0078651 9.9822378
1117 57.0067075 9.985046
1118 57.007459 9.983595
1119 57.0072575 9.9838525
1120 57.0071874 9.984008
1121 57.0078125 9.9823397
1122 57.0213462 9.9669119
1123 57.0103799 9.9824243
1124 57.0102659 9.98323
1125 57.0104674 9.982352
1126 57.0242997 9.9624929
1127 57.0246366 9.9631297
1128 57.0188603 9.9691285
1129 57.0195408 9.9749651
1130 57.0194284 9.9749757
1131 57.0196057 9.9715261
1132 57.0196951 9.9692485
1133 57.0192576 9.9755196
1134 57.019604 9.9753921
1135 57.0212027 9.9666424
1136 57.0218432 9.9678849
1137 57.0196016 9.9677314
1138 57.0194266 9.9680987
1139 57.0195757 9.9692262
1140 57.019516 9.9686719
1141 57.0175535 9.9724672
1142 57.0195567 9.968833
1143 57.0194162 9.9683973
1144 57.0018271 10.0182502
1145 57.0136837 10.0361692
1146 57.0213215 10.0414923
1147 57.018105 9.9917488
1148 57.0186033 9.9890644
1149 57.018596 9.9892621
1150 57.0185278 9.9892586
1151 57.0181896 9.9906365
1152 57.0180952 9.9914383
1153 57.0183886 9.9906461
1154 57.0191247 9.9892514
1155 57.0191237 9.9890679
1156 57.0154864 9.9832085
1157 57.0131699 9.9806487
1158 57.0132559 9.9809622
1159 57.0131708 9.9795721
1160 57.0111744 9.9808323
1161 57.010716 9.9812967
1162 57.0118722 9.9800426
1163 57.0109323 9.9811201
1164 57.0112065 9.9801188
1165 57.0106619 9.9821318
1166 57.0113571 9.9793028
1167 57.0119104 9.9793517
1168 57.0109359 9.9801837
1169 57.0111904 9.9809049
1170 57.0109125 9.9809588
1171 57.0093113 9.9769528
1172 57.0097121 9.9726346
1173 57.0089783 9.9759066
1174 57.0088419 9.9744741
1175 57.0093623 9.9769717
1176 57.0093613 9.9749749
1177 57.0095199 9.9750175
1178 57.008103 9.974806
1179 57.008949 9.9746492
1180 57.0093848 9.9760638
1181 57.0091347 9.9759835
1182 57.0094703 9.9750043
1183 57.0084136 9.9753484
1184 57.0090688 9.974794
1185 57.0114949 9.9778255
1186 57.0094343 9.9760785
1187 57.0087497 9.9742723
1188 57.0087796 9.9757578
1189 57.0091988 9.9749053
1190 57.0121488 9.9779804
1191 57.0079731 9.9744924
1192 57.0204023 9.977053
1193 57.0221875 9.975694
1194 57.0222056 9.9769516
1195 57.020303 9.9757958
1196 57.0194338 9.9678616
1197 57.0195124 9.9638059
1198 57.0189143 9.9660036
1199 57.0190903 9.9665433
1200 57.0190509 9.9664314
1201 57.019115 9.9670125
1202 57.0194052 9.9611685
1203 57.0191319 9.9667785
1204 57.019115 9.96734
1205 57.0189841 9.963466
1206 57.0190041 9.9663324
1207 57.0189009 9.9644417
1208 57.0191014 9.9671653
1209 57.0195195 9.9635281
1210 57.0189427 9.9646526
1211 57.0192583 9.9677634
1212 57.0189745 9.9637405
1213 57.0189711 9.9662506
1214 57.017993 9.9608124
1215 57.0191489 9.9675147
1216 57.018865 9.9657739
1217 57.0189418 9.9632528
1218 57.0191251 9.9666319
1219 57.0187547 9.9657654
1220 57.0096452 9.9728141
1221 57.0117084 9.9837126
1222 57.0116398 9.9842591
1223 57.0154514 9.9762706
1224 57.0197812 9.9756557
1225 57.0197808 9.9759643
1226 57.0200237 9.9758062
1227 57.0226419 9.9756879
1228 57.0228848 9.9757263
1229 57.0228851 9.9756425
1230 57.0232061 9.9757438
1231 57.0237499 9.9757668
1232 57.0247418 9.9758653
1233 57.0253029 9.9759735
1234 57.0257989 9.9760691
1235 57.0265413 9.9761969
1236 57.0265449 9.976111
1237 57.0125588 9.9838958
1238 57.0125653 9.9831735
1239 57.0126551 9.9860557
1240 57.0126698 9.9849649
1241 57.0127333 9.983901
1242 57.0127399 9.9831785
1243 57.0129126 9.9839064
1244 57.012919 9.9831837
1245 57.0129842 9.9831856
1246 57.0130266 9.9832149
1247 57.0130932 9.9839155
1248 57.0131061 9.9832174
1249 57.0131754 9.9853183
1250 57.0131789 9.9849816
1251 57.0131876 9.9841329
1252 57.0132496 9.9839252
1253 57.0132549 9.983222
1254 57.0133011 9.9853176
1255 57.0133017 9.9852758
1256 57.0133062 9.9849858
1257 57.013319 9.9841415
1258 57.0133579 9.9819489
1259 57.0134108 9.9839353
1260 57.0134195 9.983227
1261 57.0134215 9.9833574
1262 57.0135809 9.9852907
1263 57.0136025 9.98196
1264 57.0136249 9.9819227
1265 57.013755 9.9819227
1266 57.0148373 9.9874951
1267 57.01485 9.9860674
1268 57.0150225 9.9858737
1269 57.0150267 9.9856312
1270 57.0150441 9.9865811
1271 57.0150441 9.9866573
1272 57.0152164 9.9858802
1273 57.0152199 9.9856353
1274 57.0154124 9.9874222
1275 57.0154222 9.9865903
1276 57.0154281 9.9860846
1277 57.0154306 9.9858741
1278 57.0155451 9.984841
1279 57.0156645 9.9861971
1280 57.0156728 9.9853713
1281 57.0156778 9.9848471
1282 57.0134816 9.9686599
1283 57.013641 9.9677395
1284 57.0171289 9.9729663
1285 57.0172108 9.9742259
1286 57.0172868 9.9755068
1287 57.0172919 9.9751227
1288 57.0175205 9.9755174
1289 57.0175269 9.9750438
1290 57.0175292 9.9748558
1291 57.0175566 9.9737944
1292 57.0175779 9.9712687
1293 57.0175617 9.9729844
1294 57.0176479 9.9750477
1295 57.0176507 9.9748619
1296 57.0176599 9.9742409
1297 57.0176663 9.9738052
1298 57.0177002 9.9729922
1299 57.0177061 9.9724702
1300 57.0177172 9.9717227
1301 57.017827 9.9755523
1302 57.0178361 9.975057
1303 57.0178871 9.9724789
1304 57.0179847 9.9731415
1305 57.0179866 9.9730056
1306 57.0180803 9.9738233
1307 57.0180968 9.97507
1308 57.0187671 9.9713652
1309 57.0120588 9.9652565
1310 57.0123285 9.9637077
1311 57.0114156 9.9633357
1312 57.0122665 9.9640651
1313 57.0131202 9.9631679
1314 57.0129506 9.9640723
1315 57.01168 9.9633487
1316 57.0112398 9.9643603
1317 57.0113384 9.9637856
1318 57.0114126 9.9648917
1319 57.0115356 9.9626363
1320 57.0111216 9.9630247
1321 57.0118404 9.9624229
1322 57.0114376 9.9632076
1323 57.0113057 9.9625033
1324 57.0219684 9.9648154
1325 57.0154163 9.9723801
1326 57.0152658 9.9750919
1327 57.0147253 9.9840356
1328 57.0153384 9.9724307
1329 57.0131991 9.9766894
1330 57.0149212 9.9790269
1331 57.0097381 9.979595
1332 57.0097464 9.9793361
1333 57.0177355 9.9914279
1334 57.0161827 9.987756
1335 57.013608 9.9766712
1336 57.0241106 9.9621371
1337 57.0133349 9.9669982
1338 57.0135448 9.9655091
1339 57.0137956 9.9640438
1340 57.0186517 9.9682707
1341 57.0135971 9.96554
1342 57.0186195 9.9682679
1343 57.0138503 9.9640827
1344 57.0132863 9.9669674
1345 57.0186146 9.9681701
1346 57.0128444 9.964399
1347 57.0154945 9.982606
1348 57.0157997 9.9827127
1349 57.0154947 9.9827736
1350 57.0157283 9.980861
1351 57.015605 9.9832159
1352 57.0156517 9.9816854
1353 57.0157413 9.9797476
1354 57.0124838 9.9628211
1355 57.0078435 9.9817369
1356 57.0100919 9.9808937
1357 57.0158273 9.9936449
1358 57.0158308 9.994272
1359 57.0168836 9.9916819
1360 57.0075236 9.9792072
1361 57.0158009 9.9935606
1362 57.0077936 9.9791624
1363 57.0067266 9.9796546
1364 57.0076309 9.9778911
1365 57.0066378 9.9802755
1366 57.0068449 9.9796305
1367 57.0073331 9.9793455
1368 57.0074381 9.9784999
1369 57.0164838 9.9947228
1370 57.0152705 9.9747751
1371 57.0157842 9.9747935
1372 57.0080318 9.9796096
1373 57.0175358 9.9917009
1374 57.0168001 9.9947794
1375 57.0069665 9.9793967
1376 57.0066324 9.9798692
1377 57.0070694 9.9793516
1378 57.0076294 9.9781115
1379 57.0157391 9.9935008
1380 57.0158864 9.9943581
1381 57.0168277 9.991793
1382 57.006655 9.9797297
1383 57.0164903 9.994359
1384 57.0079146 9.9875122
1385 57.0123215 9.9674056
1386 57.0151052 9.9725938
1387 57.0152435 9.9721202
1388 57.0154755 9.9716117
1389 57.0156789 9.9711636
1390 57.0159293 9.9702995
1391 57.0168443 9.965218
1392 57.0170132 9.9627749
1393 57.017036 9.9620093
1394 57.0170026 9.961948
1395 57.0169034 9.9618836
1396 57.0168307 9.9619919
1397 57.0168397 9.9621877
1398 57.015645 9.9723863
1399 57.0156204 9.9722731
1400 57.0122862 9.9678834
1401 57.0121191 9.9677828
1402 57.0122503 9.9678617
1403 57.0124637 9.9679866
1404 57.0219161 9.9892115
1405 57.0152857 9.9737483
1406 57.0155375 9.977021
1407 57.0156796 9.9737632
1408 57.0207664 10.0048031
1409 57.0205149 10.0046635
1410 57.0206896 10.0051283
1411 57.0208068 10.00507
1412 57.0204989 10.0063209
1413 57.0206493 10.0047608
1414 57.0223386 10.0227348
1415 57.0173559 10.0207266
1416 57.0185183 9.9935481
1417 57.0192073 9.9758467
1418 57.0195984 9.9762255
1419 57.019691 9.9760633
1420 57.0196533 9.9754622
1421 57.0195492 9.9753465
1422 57.0193286 9.975398
1423 57.01929 9.9754528
1424 57.0192266 9.97562
1425 57.0192095 9.9757311
1426 57.0193961 9.9762693
1427 57.0193532 9.9762388
1428 57.0192202 9.9759603
1429 57.0192475 9.9760651
1430 57.0192999 9.976175
1431 57.0081493 9.9802858
1432 57.0075171 9.9797593
1433 57.0080122 9.9822587
1434 57.0081116 9.978645
1435 57.0080066 9.9786489
1436 57.0171514 9.9947971
1437 57.0157523 9.991866
1438 57.0151595 9.9943906
1439 57.0158415 9.9943261
1440 57.0084022 9.9866566
1441 57.0103639 9.9946122
1442 57.0106622 9.9947872
1443 57.010785 9.9948179
1444 57.0107869 9.9948678
1445 57.0107889 9.9947685
1446 57.0107972 9.9949271
1447 57.0107985 9.9947216
1448 57.0108157 9.9949793
1449 57.0108193 9.9946669
1450 57.010841 9.9950206
1451 57.0108713 9.9950483
1452 57.0108814 9.9946
1453 57.0109046 9.9950602
1454 57.0109025 9.993955
1455 57.010918 9.9945933
1456 57.0109384 9.9950557
1457 57.0109542 9.9946061
1458 57.0109703 9.9950349
1459 57.010983 9.9946325
1460 57.0109981 9.9949993
1461 57.0110073 9.9946714
1462 57.0110199 9.9949516
1463 57.0110255 9.9947202
1464 57.011034 9.994895
1465 57.0110365 9.9947765
1466 57.0110394 9.994836
1467 57.0110857 9.9947351
1468 57.0110954 9.9948583
1469 57.0207115 10.0085615
1470 57.0215246 9.9905795
1471 57.025299 10.0148673
1472 57.0253426 10.0151265
1473 57.0253531 10.0150369
1474 57.0253426 10.0149459
1475 57.0148474 9.9943404
1476 57.0234731 10.0098383
1477 57.0237322 10.0085975
1478 57.0101755 9.9903923
1479 57.0239464 9.9644648
1480 57.0239608 9.9645489
1481 57.0239536 9.9643852
1482 57.0239985 9.9646329
1483 57.0242218 9.9632254
1484 57.0242929 9.9630105
1485 57.0244248 9.9627612
1486 57.0253984 9.9663481
1487 57.0257284 9.9666623
1488 57.0262069 9.9672697
1489 57.0266194 9.9674434
1490 57.0269049 9.9675745
1491 57.0270815 9.9676511
1492 57.027138 9.967588
1493 57.0271832 9.9674227
1494 57.0171431 9.9865434
1495 57.014273 9.9886842
1496 57.0150679 9.9890533
1497 57.0160441 9.9797582
1498 57.0203323 9.9769614
1499 57.0116751 9.9863152
1500 57.0123895 9.9874144
1501 57.0113228 9.9901528
1502 57.0113192 9.9904408
1503 57.0123953 9.9865185
1504 57.0117015 9.9861532
1505 57.0117411 9.9860679
1506 57.0117803 9.9855363
1507 57.0119952 9.9848824
1508 57.0115505 9.9862094
1509 57.011295 9.990732
1510 57.0114957 9.987114
1511 57.0125146 9.9874139
1512 57.0117002 9.9872695
1513 57.0119718 9.9874037
1514 57.0117015 9.9863158
1515 57.0114782 9.9869423
1516 57.0110693 9.9856656
1517 57.0113539 9.9868291
1518 57.0125312 9.984914
1519 57.018721 9.9865614
1520 57.0185663 9.9868898
1521 57.018629 9.9861591
1522 57.0187137 9.9864541
1523 57.0186684 9.9862637
1524 57.0187137 9.9866633
1525 57.0186961 9.986371
1526 57.0175212 9.9909438
1527 57.0159845 9.990886
1528 57.0157157 9.9886528
1529 57.01753 9.990405
1530 57.0172255 9.989897
1531 57.0160244 9.9897183
1532 57.0168543 9.9898376
1533 57.015486 9.9806878
1534 57.0148974 9.9818644
1535 57.0155055 9.9805462
1536 57.0150457 9.9753965
1537 57.0148333 9.9877355
1538 57.0149661 9.9816422
1539 57.0155234 9.9794289
1540 57.0150811 9.9755682
1541 57.0154452 9.9807958
1542 57.0148901 9.9821997
1543 57.014886 9.9831612
1544 57.0155422 9.9765525
1545 57.0178287 9.9829761
1546 57.0180216 9.9820015
1547 57.0156507 9.9818033
1548 57.0178573 9.9823472
1549 57.0178362 9.9823064
1550 57.0178518 9.9829144
1551 57.0169286 9.9851146
1552 57.0157011 9.9827093
1553 57.0155868 9.9821418
1554 57.0169008 9.972438
1555 57.0169269 9.9744143
1556 57.016506 9.9743844
1557 57.0169152 9.9754391
1558 57.016896 9.9729151
1559 57.0163968 9.975411
1560 57.0165185 9.972904
1561 57.0187288 9.9743026
1562 57.0322118 9.9659579
1563 57.0200148 10.0046248
1564 57.0202408 10.0044003
1565 57.0201389 10.0044442
1566 57.0205332 10.0051816
1567 57.0199863 10.0047111
1568 57.0200926 10.0044897
1569 57.020215 10.0055034
1570 57.0201666 10.0054831
1571 57.0201254 10.0054529
1572 57.020486 10.004591
1573 57.0204584 10.0045396
1574 57.0204477 10.0053854
1575 57.0199571 10.005006
1576 57.0202686 10.0056373
1577 57.0200156 10.0052858
1578 57.020552 10.0048294
1579 57.0203228 10.0058256
1580 57.0169235 9.9842973
1581 57.0244899 9.9901564
1582 57.0122534 9.9671379
1583 57.0119571 9.9671857
1584 57.0128332 9.9677094
1585 57.01222 9.9673356
1586 57.0126872 9.9676209
1587 57.0121111 9.9672735
1588 57.0121454 9.9670737
1589 57.0125795 9.9673184
1590 57.0125455 9.9675216
1591 57.012868 9.9674884
1592 57.0119906 9.9670093
1593 57.0127215 9.9674021
1594 57.0123425 9.9679161
1595 57.0129475 9.9675353
1596 57.0124884 9.9672648
1597 57.0124621 9.9672492
1598 57.0136667 10.0051018
1599 57.0125308 10.0050714
1600 57.0132013 10.0050846
1601 57.0142941 10.0053618
1602 57.0130778 10.0053129
1603 57.0136843 10.0052668
1604 57.0138906 10.0051598
1605 57.0132422 10.0053421
1606 57.0133863 10.0050696
1607 57.011671 10.003841
1608 57.0128181 10.0052453
1609 57.013435 10.0053421
1610 57.0129744 10.0051466
1611 57.0139799 9.9783346
1612 57.0145537 9.9781849
1613 57.014559 9.9777843
1614 57.013986 9.97785
1615 57.0143227 9.9767256
1616 57.0164561 9.9754142
1617 57.0165382 9.9743867
1618 57.0165598 9.9740117
1619 57.0165642 9.9737219
1620 57.0165813 9.973681
1621 57.0167242 9.9754287
1622 57.016745 9.9736878
1623 57.0167753 9.9759298
1624 57.0167828 9.9754319
1625 57.016799 9.9744052
1626 57.0168153 9.9735491
1627 57.0168649 9.9735531
1628 57.0168983 9.9726872
1629 57.0169416 9.9735723
1630 57.0177051 9.9725552
1631 57.0250481 10.0030699
1632 57.024125 10.0012955
1633 57.0246802 10.0013184
1634 57.0253822 10.002146
1635 57.0253006 10.0023832
1636 57.0254345 10.001994
1637 57.0254062 10.004957
1638 57.024009 10.0016297
1639 57.0240466 10.0015195
1640 57.0169324 9.9848604
1641 57.0166233 9.988649
1642 57.0157311 9.9807044
1643 57.0169158 9.9939998
1644 57.0170516 9.993481
1645 57.0171972 9.9935284
1646 57.015607 9.9796529
1647 57.0171888 9.9943849
1648 57.0193935 9.9966685
1649 57.0155678 9.9865528
1650 57.0170851 9.9940028
1651 57.0169216 9.9934675
1652 57.0156149 9.979247
1653 57.015751 9.9781059
1654 57.0169815 9.99446
1655 57.0170443 9.9940013
1656 57.0172662 9.9848872
1657 57.0169865 9.9940018
1658 57.0171918 9.9940067
1659 57.015734 9.9803413
1660 57.0159074 9.9797554
1661 57.0168073 9.9939986
1662 57.0157627 9.9865751
1663 57.0127395 9.9786966
1664 57.0169203 9.9749924
1665 57.0135298 9.9777705
1666 57.0135197 9.9783198
1667 57.0166792 9.9729075
1668 57.0127446 9.9780579
1669 57.0127005 9.9777353
1670 57.0168954 9.9733832
1671 57.0131855 9.9777559
1672 57.0131786 9.9783063
1673 57.0165743 9.9736978
1674 57.0165152 9.973252
1675 57.020549 10.0055478
1676 57.0205309 10.0058002
1677 57.0214644 10.0050628
1678 57.0205813 10.0054213
1679 57.0205371 10.005885
1680 57.0205472 10.0064312
1681 57.0206264 10.0053347
1682 57.0209083 10.0051857
1683 57.0205339 10.0056519
1684 57.0174535 9.9758953
1685 57.0176161 9.9759008
1686 57.0037069 9.976499
1687 57.0059154 9.9979216
1688 57.0063061 10.0036644
1689 57.0185358 9.9714496
1690 57.0186335 9.974304
1691 57.0255419 10.0061341
1692 57.0244732 10.0010952
1693 57.0242031 10.0007573
1694 57.0243253 10.0009102
1695 57.0241827 10.0007278
1696 57.0241924 10.0013168
1697 57.0240615 10.001165
1698 57.024355 10.0015056
1699 57.0241386 10.0012544
1700 57.0200478 9.9730981
1701 57.0200523 9.97301
1702 57.0200733 9.9729356
1703 57.0200823 9.9746933
1704 57.02009 9.9748725
1705 57.0201018 9.9728915
1706 57.0201603 9.9728557
1707 57.0210376 9.9727923
1708 57.0210571 9.9737924
1709 57.0210961 9.9738888
1710 57.0211847 9.9750762
1711 57.0211905 9.9739109
1712 57.021204 9.9727841
1713 57.0212075 9.9750198
1714 57.0092407 9.9866538
1715 57.009529 9.9871429
1716 57.0095583 9.9868541
1717 57.0092726 9.9867599
1718 57.0137926 10.0306741
1719 57.0146865 10.0314363
1720 57.0169919 9.9834155
1721 57.0170235 9.9833968
1722 57.0173911 9.9839521
1723 57.0180673 9.9819453
1724 57.0187002 9.9761187
1725 57.0187032 9.9756532
1726 57.0187116 9.9753854
1727 57.0187192 9.9762771
1728 57.0187284 9.9752676
1729 57.0187551 9.9764019
1730 57.0187711 9.9751596
1731 57.0189633 9.9752368
1732 57.0190819 9.976203
1733 57.0191919 9.9935359
1734 57.019208 9.9952393
1735 57.01919 9.9939259
1736 57.0192124 9.9948786
1737 57.0192904 9.9968958
1738 57.0193142 9.993427
1739 57.019327 9.9936338
1740 57.0193367 9.9952833
1741 57.0193455 9.995072
1742 57.0193973 9.9984411
1743 57.0194912 9.9715009
1744 57.0195004 9.9982622
1745 57.0196731 10.0010508
1746 57.0197839 10.0009458
1747 57.0247683 10.0074673
1748 57.0253345 10.0059254
1749 57.0254212 10.0068762
1750 57.0031118 9.9575486
1751 56.9978581 10.0189734
1752 56.9979122 10.018541
1753 56.9979519 10.0183863
1754 56.9995018 10.0179518
1755 57.001647 10.0181809
1756 57.0032942 10.0341574
1757 57.0042464 10.0319124
1758 57.0061786 10.028382
1759 57.0067129 10.0220532
1760 57.0068514 10.0222434
1761 57.0072715 10.0230542
1762 57.0077725 10.0251392
1763 57.007773 10.0249748
1764 57.0220659 9.9646421
1765 57.0199865 9.961678
1766 57.0204008 9.965655
1767 57.0204853 9.9667338
1768 57.021871 9.9652399
1769 57.0219148 9.9652661
1770 57.0219849 9.9652257
1771 57.021998 9.9651937
1772 57.0225155 9.9973617
1773 57.0226446 9.9972319
1774 57.0227341 9.9978504
1775 57.0228228 9.9977215
1776 57.0228663 9.9981378
1777 57.0229648 9.9979817
1778 57.0200105 9.9912091
1779 57.0200783 9.9901669
1780 57.0219219 9.9965799
1781 57.0220786 9.997124
1782 57.0222582 9.997619
1783 57.0224378 9.9980789
1784 57.0226729 9.9986055
1785 57.0228544 9.9989706
1786 57.0229914 10.0010501
1787 57.0218053 9.9988336
1788 57.0218062 9.9989024
1789 57.0220003 9.9986827
1790 57.0221226 9.9986546
1791 57.01995 9.9943507
1792 57.0199578 9.9920401
1793 57.0199636 9.9924663
1794 57.0212455 9.9912157
1795 57.0212455 9.9914333
1796 57.0212474 9.991823
1797 57.0212531 9.9909594
1798 57.0004778 10.0180298
1799 57.0018529 10.0182667
1800 57.006378 9.9732382
1801 57.0066076 9.9742137
1802 57.0068617 9.9738524
1803 57.0068853 9.9739811
1804 57.0075236 9.9769701
1805 57.0116664 9.9970892
1806 57.0127936 9.9964204
1807 57.0128018 9.9970547
1808 57.0232451 10.0165061
1809 57.0236112 10.0153182
1810 57.0238066 10.0170902
1811 57.0239422 10.0156625
1812 57.0242378 10.0147031
1813 57.0243343 10.0148036
1814 57.0244265 10.0173909
1815 57.0244295 10.0175318
1816 57.0244596 10.0139832
1817 57.0244641 10.0172417
1818 57.0245092 10.0176147
1819 57.0246054 10.0175871
1820 57.0246866 10.0173854
1821 57.0247587 10.0170209
1822 57.0249072 10.0153995
1823 57.0250794 10.0135596
1824 57.0259629 10.0114399
1825 57.0259831 10.0145071
1826 57.0261336 10.0116139
1827 57.02207 9.9959618
1828 57.0221889 9.9963696
1829 57.0233644 9.995328
1830 57.0237367 9.9950667
1831 57.0245564 9.9902862
1832 57.0247101 9.9914391
1833 57.026796 9.9643702
1834 57.0288848 9.9652776
1835 57.0092231 9.9865788
1836 57.011554 9.9634071
1837 57.0116356 9.963605
1838 57.0116604 9.9634619
1839 57.0116936 9.9632701
1840 57.0117816 9.9634027
1841 57.0122295 9.9636523
1842 57.012256 9.96413
1843 57.0123515 9.9675165
1844 57.0123422 9.9636284
1845 57.0123655 9.9641219
1846 57.0123463 9.9817986
1847 57.0124011 9.9818002
1848 57.0124246 9.9671234
1849 57.0124821 9.967261
1850 57.012488 9.9818027
1851 57.0125983 9.9818059
1852 57.0128086 9.9643776
1853 57.0128891 9.9644955
1854 57.0129688 9.9677348
1855 57.0129691 9.9639736
1856 57.0129931 9.9686722
1857 57.0130399 9.9673296
1858 57.013053 9.9641315
1859 57.0132097 9.9674318
1860 57.0132605 9.9674606
1861 57.0134691 9.9643718
1862 57.0135079 9.9645652
1863 57.0135948 9.9640816
1864 57.0136614 9.9644237
1865 57.0137792 9.9641344
1866 57.0138353 9.9641667
1867 57.0142723 9.9873247
1868 57.0142848 9.9863491
1869 57.0163266 9.9724155
1870 57.0216171 9.9804108
1871 57.021795 9.980211
1872 57.0224254 9.9802039
1873 57.0225528 9.9801998
1874 57.0230852 9.9801944
1875 57.0232576 9.9800077
1876 57.0233578 9.9803521
1877 57.0242696 9.9803517
1878 57.0152885 9.9725645
1879 57.0189556 9.9941625
1880 57.0189204 9.9947374
1881 57.0189188 9.9945863
1882 57.0188409 9.9939346
1883 57.0191211 9.9948603
1884 57.0189163 9.993998
1885 57.0191664 9.9949898
1886 57.0189248 9.9941031
1887 57.0188309 9.993989
1888 57.0184943 9.9934613
1889 57.0187562 9.9938862
1890 57.0187686 9.9948232
1891 57.0186152 9.9937356
1892 57.0184823 9.9933179
1893 57.0191474 9.9949228
1894 57.0191853 9.9950695
1895 57.0189649 9.9945008
1896 57.0183532 9.9948369
1897 57.0186811 9.9948534
1898 57.0187591 9.9947423
1899 57.0185544 9.9936405
1900 57.018982 9.9947247
1901 57.0191999 9.995158
1902 57.0188647 9.9946536
1903 57.018996 9.9944268
1904 57.0185064 9.9948128
1905 57.0189619 9.9940155
1906 57.0186147 9.99487
1907 57.0187007 9.9947744
1908 57.0185218 9.9948671
1909 57.0186188 9.9948021
1910 57.0204531 10.0059318
1911 57.0211638 10.0051147
1912 57.0209592 10.0112834
1913 57.0208986 10.0115712
1914 57.0209548 10.0112351
1915 57.0209329 10.0113317
1916 57.0208957 10.0114167
1917 57.0209679 10.0111681
1918 57.0204631 10.0054957
1919 57.021085 10.0111786
1920 57.0208665 10.0114934
1921 57.0210169 10.0112199
1922 57.0194352 9.9973941
1923 57.0208351 10.0115892
1924 57.0209877 10.011244
1925 57.0204522 10.0055666
1926 57.0208876 10.0101542
1927 57.0206067 10.0078517
1928 57.0222705 10.0215905
1929 57.0223812 10.0236507
1930 57.0208278 10.009591
1931 57.0211152 10.0114121
1932 57.0206816 10.0080391
1933 57.0210038 10.0114639
1934 57.020965 10.0114953
1935 57.02093 10.0115302
1936 57.0221337 10.0197467
1937 57.0220364 10.0186724
1938 57.0216949 10.0156643
1939 57.0205854 10.0047093
1940 57.0206146 10.0047362
1941 57.0206102 10.0051921
1942 57.0206511 10.0051546
1943 57.0210416 10.0050371
1944 57.0212166 10.0050265
1945 57.0209767 10.0109294
1946 57.0208115 10.005207
1947 57.020965 10.0101193
1948 57.0207551 10.0052247
1949 57.0209621 10.0107684
1950 57.0207064 10.0052601
1951 57.0204453 10.0058321
1952 57.020663 10.0052875
1953 57.0209373 10.0105485
1954 57.0208643 10.0116294
1955 57.0204421 10.0057302
1956 57.0207825 10.0087434
1957 57.0208905 10.0095293
1958 57.0209327 10.0101384
1959 57.0209738 10.0111144
1960 57.0209781 10.0110125
1961 57.0208632 10.0051961
1962 57.0208375 10.0093946
1963 57.007339 9.9727038
1964 57.0076684 9.9727218
1965 57.0076772 9.9730404
1966 57.0076947 9.973361
1967 57.0077143 9.9736255
1968 57.0077362 9.973866
1969 57.0084432 9.973353
1970 57.0084475 9.9727644
1971 57.0084498 9.9737698
1972 57.0092441 9.9736576
1973 57.0092528 9.9728084
1974 57.0096968 9.9728245
1975 57.0105895 9.9752191
1976 57.0107601 9.9764084
1977 57.0108415 9.9752219
1978 57.0112625 9.9765275
1979 57.0114637 9.9752437
1980 57.0118008 9.9742324
1981 57.0118324 9.9752515
1982 57.0118708 9.9742405
1983 57.0119911 9.9779643
1984 57.0120403 9.9752518
1985 57.0120224 9.9742553
1986 57.012609 9.9744298
1987 57.00604 9.9760732
1988 57.0065083 9.9760367
1989 57.0074673 9.9762298
1990 57.0172284 9.9895173
1991 57.012301 9.9918977
1992 57.0121917 9.9918921
1993 57.0121502 9.9919628
1994 57.0121492 9.9921826
1995 57.0122991 9.9921901
1996 57.0199826 9.9617614
1997 57.0156819 9.9913057
1998 57.0157212 9.9909788
1999 57.0196663 10.0050487
2000 57.0148327 9.9880971
2001 57.0148873 9.9830508
2002 57.0148883 9.9829608
2003 57.0148856 9.9831887
2004 57.019803 9.9633333
2005 57.0195742 9.9633168
2006 57.0197172 9.9633271
2007 57.0153632 9.96754
2008 57.0153473 9.9676218
2009 57.0148458 9.9704821
2010 57.0148396 9.987349
2011 57.0148378 9.9874575
2012 57.0156649 9.9912453
2013 57.0158212 9.9913073
2014 57.0160436 9.9913449
2015 57.0159572 9.9908813
2016 57.0162331 9.9913636
2017 57.0161475 9.9908789
2018 57.0163726 9.9909335
2019 57.0108477 9.9946252
2020 57.011522 9.9946833
2021 57.011797 9.9946104
2022 57.0155279 9.9790879
2023 57.0155274 9.9791257
2024 57.0169485 9.9642848
2025 57.0169687 9.9652831
2026 57.017821 9.9656883
2027 57.0177897 9.9658255
2028 57.01551 9.976405
2029 57.015088 9.9727397
2030 57.0153069 9.9759918
2031 57.0153738 9.9761201
2032 57.0151501 9.9723974
2033 57.0151913 9.9722638
2034 57.01696 9.9640966
2035 57.0169368 9.9644234
2036 57.0171337 9.9646259
2037 57.0187514 9.964885
2038 57.0188107 9.9681791
2039 57.0189965 9.9682909
2040 57.0159739 9.9916416
2041 57.0173104 9.9908344
2042 57.00664 9.9939265
2043 57.0056983 10.0038774
2044 57.0057164 10.0041142
2045 57.0057823 10.004314
2046 57.0058289 10.0043903
2047 57.0059416 10.0044863
2048 57.0060033 10.0045025
2049 57.0061261 10.004468
2050 57.0061825 10.0044187
2051 57.0062743 10.0042651
2052 57.0063043 10.004175
2053 57.0063248 10.0040765
2054 57.006326 10.0037634
2055 57.0062769 10.0035733
2056 57.0061943 10.0034271
2057 57.0058743 10.0033909
2058 57.005817 10.0034584
2059 57.0057331 10.0036471
2060 57.0137839 9.9852511
2061 57.0141878 9.9855989
2062 57.0141937 9.9850353
2063 57.0143163 9.9841903
2064 57.0216057 9.9933947
2065 57.0215395 9.9923168
2066 57.0215994 9.9932998
2067 57.0215729 9.9929042
2068 57.0215791 9.9910883
2069 57.0215274 9.9913812
2070 57.0215823 9.9913795
2071 57.0216356 9.9928922
2072 57.021666 9.9932806
2073 57.0233023 9.9986252
2074 57.0232524 9.978991
2075 57.0233694 9.9790041
2076 57.0235999 9.979072
2077 57.0122981 9.9924372
2078 57.0125715 9.9924435
2079 57.0125745 9.9919377
2080 57.0124247 9.9919345
2081 57.012421 9.9924413
2082 57.012295 9.9927707
2083 57.012627 9.9927872
2084 57.0122953 9.9930673
2085 57.0126255 9.9930912
2086 57.0122893 9.9933783
2087 57.0126224 9.9933939
2088 57.0122865 9.9936812
2089 57.0126196 9.9936986
2090 57.0122869 9.9939864
2091 57.0126191 9.9940033
2092 57.0121501 9.9919804
2093 57.0122238 9.991893
2094 57.0107993 9.9641053
2095 57.0115993 9.9638141
2096 57.0108349 9.9641259
2097 57.0112784 9.9641355
2098 57.0113772 9.9635593
2099 57.0114783 9.9629706
2100 57.0108997 9.9641635
2101 57.0110872 9.9642719
2102 57.0110895 9.9636415
2103 57.0111871 9.9636981
2104 57.0112909 9.9631227
2105 57.0113965 9.9625551
2106 57.0120756 9.9635665
2107 57.0117379 9.9630144
2108 57.0171537 9.9681128
2109 57.0162064 9.96796
2110 57.0166037 9.9680672
2111 57.016197 9.9680533
2112 57.0165982 9.9681652
2113 57.0135 9.9661845
2114 57.0171558 9.9682221
2115 57.0173384 9.9682301
2116 57.0174303 9.9682462
2117 57.01735 9.9681175
2118 57.0133148 9.9667672
2119 57.0133971 9.9667364
2120 57.0067918 9.9917909
2121 57.0068011 9.9916061
2122 57.0071319 9.9918489
2123 57.0072149 9.9852168
2124 57.0072157 9.9851452
2125 57.0074755 9.9927759
2126 57.0075585 9.9919216
2127 57.0076166 9.9785109
2128 57.0077257 9.9850997
2129 57.0078312 9.991968
2130 57.0078399 9.9917958
2131 57.0079258 9.9919841
2132 57.0080248 9.9914449
2133 57.0080376 9.9928884
2134 57.0081584 9.9853256
2135 57.0084869 9.9848573
2136 57.0086556 9.9908053
2137 57.0086609 9.9906266
2138 57.0089617 9.9837102
2139 57.0093357 9.9839477
2140 57.0102771 9.987259
2141 57.0108371 9.9930832
2142 57.0108827 9.9933364
2143 57.0119072 9.9821337
2144 57.0124815 9.9784799
2145 57.025211 9.9636706
2146 57.026377 9.9641822
2147 57.0190474 9.994107
2148 57.019066 9.9947293
2149 57.0191851 9.9936945
2150 57.0192439 9.9939087
2151 57.0192713 9.9948869
2152 57.0192986 9.9939122
2153 57.0193547 9.9937979
2154 57.0195169 9.9945417
2155 57.0199869 10.0051996
2156 57.020087 10.0054119
2157 57.0203617 10.0054751
2158 57.0203578 9.9770277
2159 57.0205583 10.0050083
2160 57.021126 9.9770117
2161 57.0211894 9.9751894
2162 57.0216714 9.9740811
2163 57.0217133 10.009502
2164 57.0220519 9.974048
2165 57.0220963 9.9769562
2166 57.0223155 9.9760553
2167 57.0223239 9.9769474
2168 57.0224705 9.9760504
2169 57.0224788 9.9769419
2170 57.0226323 9.9760453
2171 57.0226406 9.9769362
2172 57.0227985 9.9760401
2173 57.0228068 9.9769304
2174 57.022967 9.9760347
2175 57.0229753 9.9769244
2176 57.0231302 9.9760296
2177 57.0231385 9.9769186
2178 57.0232358 9.9769152
2179 57.0236354 9.9808961
2180 57.0236379 9.980352
2181 57.0236407 9.9797379
2182 57.0164754 9.9906479
2183 57.0165736 9.9902892
2184 57.0166022 9.991322
2185 57.0251151 9.9611959
2186 57.0171211 9.9645162
2187 57.0171441 9.9646879
2188 57.0171525 9.9629406
2189 57.0171556 9.9633178
2190 57.0176152 9.9654383
2191 57.0176373 9.9647539
2192 57.0176287 9.9655471
2193 57.0184522 9.9660311
2194 57.0185376 9.966046
2195 57.0185894 9.9659322
2196 57.0186004 9.9660258
2197 57.0186835 9.964875
2198 57.0186638 9.9659839
2199 57.0187259 9.9659296
2200 57.0187901 9.9658449
2201 57.0187962 9.9644038
2202 57.0188226 9.9644295
2203 57.0188272 9.9632739
2204 57.0188494 9.9657431
2205 57.0188551 9.9632425
2206 57.0188652 9.9644366
2207 57.0188736 9.9654922
2208 57.0188886 9.9658249
2209 57.0188918 9.9656359
2210 57.0189009 9.9658659
2211 57.0189081 9.9659306
2212 57.0189202 9.9655283
2213 57.0189277 9.9660989
2214 57.0189299 9.9654346
2215 57.0189495 9.9661861
2216 57.019002 9.9640496
2217 57.0194919 9.9640861
2218 57.019502 9.9640362
2219 57.0195274 9.9631478
2220 57.0195285 9.9630934
2221 57.0195431 9.9626106
2222 57.0197075 9.9657939
2223 57.0195736 9.9690119
2224 57.0197095 9.9690398
2225 57.0197377 9.9688761
2226 57.0197562 9.9688142
2227 57.0197812 9.9676538
2228 57.0199331 9.9679894
2229 57.0199689 9.9679982
2230 57.0202891 9.9678972
2231 57.0191257 9.9760908
2232 57.0191386 9.9754936
2233 57.0191491 9.9761843
2234 57.0191608 9.9759952
2235 57.0191609 9.9754063
2236 57.019169 9.975586
2237 57.0192117 9.9761778
2238 57.0192331 9.9754066
2239 57.019344 9.9753815
2240 57.0193443 9.9762801
2241 57.0193782 9.9763994
2242 57.0193859 9.9752616
2243 57.0193917 9.9753448
2244 57.0193969 9.9765379
2245 57.0193994 9.9752154
2246 57.019421 9.9751037
2247 57.0194425 9.9753259
2248 57.0194594 9.9762879
2249 57.0194973 9.9753262
2250 57.0195321 9.9764721
2251 57.0195338 9.9762733
2252 57.0195467 9.976398
2253 57.0195485 9.9751048
2254 57.0195608 9.9763475
2255 57.0195695 9.975239
2256 57.019607 9.9753572
2257 57.0196492 9.9761565
2258 57.0197185 9.9756555
2259 57.0197227 9.9759296
2260 57.0197314 9.9757903
2261 57.0198483 9.9758983
2262 57.0198547 9.9757237
2263 57.0199205 9.975858
2264 57.0199258 9.9757624
2265 57.015501 9.9806146
2266 57.0154691 9.9807432
2267 57.0155238 9.978647
2268 57.0157471 9.991313
2269 57.0164295 9.9909564
2270 57.0156359 9.9911371
2271 57.0157025 9.9911346
2272 57.0164695 9.9908682
2273 57.0164805 9.9910431
2274 57.0164932 9.9911037
2275 57.01651 9.9911602
2276 57.016552 9.9912549
2277 57.0165762 9.9912902
2278 57.0166724 9.9913744
2279 57.0166966 9.9913807
2280 57.0167246 9.9913855
2281 57.0148504 9.9857575
2282 57.0205663 9.9751527
2283 57.020397 9.9746536
2284 57.0206773 9.9746538
2285 57.0206802 9.9748255
2286 57.020689 9.9751232
2287 57.0125488 9.9771657
2288 57.0126156 9.9769848
2289 57.0127313 9.9704778
2290 57.0131785 9.97861
2291 57.0135127 9.9786243
2292 57.0107885 9.9920779
2293 57.0107979 9.9924919
2294 57.0109493 9.9929949
2295 57.0110879 9.9930082
2296 57.0112466 9.9930169
2297 57.0113881 9.9934266
2298 57.0113895 9.9939355
2299 57.0114024 9.9930073
2300 57.0114111 9.9921004
2301 57.0115561 9.9934279
2302 57.0115587 9.9930158
2303 57.0115647 9.9921059
2304 57.0115855 9.9939408
2305 57.011587 9.9936244
2306 57.0065897 9.9975277
2307 57.0066103 9.9976725
2308 57.0066187 9.9951861
2309 57.0066382 9.9950581
2310 57.0066535 9.9977994
2311 57.0066761 9.9949449
2312 57.0067152 9.9978971
2313 57.0067294 9.994855
2314 57.0067899 9.9979566
2315 57.0067941 9.9947955
2316 57.0068652 9.9947708
2317 57.0068709 9.9979727
2318 57.0076488 9.9947858
2319 57.0076547 9.9992379
2320 57.0076641 9.9994688
2321 57.0076698 9.9979997
2322 57.0076891 9.9996957
2323 57.0077293 9.9999152
2324 57.0077613 9.9948206
2325 57.0077841 10.0001237
2326 57.0078526 10.000318
2327 57.0081091 10.0008445
2328 57.0082192 10.0010054
2329 57.0082504 9.9750924
2330 57.0083802 10.0011837
2331 57.0085529 9.9980243
2332 57.0085906 9.975571
2333 57.0093296 10.0018446
2334 57.0096838 10.0045593
2335 57.0096964 10.0027169
2336 57.0096443 10.0020536
2337 57.0096977 10.0025704
2338 57.0106736 9.9763914
2339 57.0108462 9.9764253
2340 57.01106 9.9964331
2341 57.0111542 9.9964956
2342 57.0111748 9.9764812
2343 57.0111749 10.0027545
2344 57.0112388 9.9965941
2345 57.0113098 9.996724
2346 57.0113363 9.9765665
2347 57.0113637 9.996879
2348 57.0113981 9.9970519
2349 57.0114112 9.9972343
2350 57.011997 9.9747471
2351 57.0120012 9.9744997
2352 57.0120099 9.9749934
2353 57.0120568 9.9753872
2354 57.0121962 9.9743548
2355 57.012313 9.9743993
2356 57.0124632 9.9744261
2357 57.0126594 9.97443
2358 57.0144915 9.9716965
2359 57.0145208 9.9714723
2360 57.0145548 9.9713095
2361 57.0145988 9.971155
2362 57.0147467 9.9708309
2363 57.014802 9.9706584
2364 57.015595 9.980855
2365 57.0158308 9.9707037
2366 57.0161659 9.9808783
2367 57.0167427 9.9658395
2368 57.0171735 9.9651817
2369 57.0171892 9.9646939
2370 57.0173334 9.9652563
2371 57.0173546 9.9647161
2372 57.0174981 9.9653331
2373 57.017516 9.9647376
2374 57.0177439 9.9654164
2375 57.0177632 9.9647685
2376 57.017905 9.9655113
2377 57.01793 9.9647879
2378 57.0180629 9.9656044
2379 57.0180904 9.9648066
2380 57.0181943 9.96589
2381 57.018224 9.9648221
2382 57.0183351 9.9657951
2383 57.0183681 9.9648389
2384 57.0183923 9.9657968
2385 57.0184491 9.9657838
2386 57.0185044 9.9657564
2387 57.0185319 9.964858
2388 57.018566 9.9657067
2389 57.0186223 9.9656393
2390 57.0186353 9.9656174
2391 57.0186719 9.9655559
2392 57.0186911 9.9648772
2393 57.0127228 9.9813576
2394 57.0127114 9.9824536
2395 57.0130312 9.9826509
2396 57.0131272 9.9819809
2397 57.0131311 9.9816408
2398 57.013061 9.981814
2399 57.0127418 9.9818098
2400 57.0126369 9.976154
2401 57.0125858 9.9761494
2402 57.0126326 9.9727222
2403 57.0126818 9.972727
2404 57.0133806 9.9813571
2405 57.0133572 9.9820034
2406 57.0131267 9.9820075
2407 57.0131204 9.9806441
2408 57.0132173 9.9795731
2409 57.0129792 9.9795606
2410 57.0131712 9.9794657
2411 57.0185305 9.9890642
2412 57.0182883 9.9881085
2413 57.0182769 9.9890946
2414 57.018287 9.9882447
2415 57.0185417 9.9882713
2416 57.0183643 9.9882536
2417 57.0185457 9.987986
2418 57.0182597 9.988083
2419 57.0181815 9.9880293
2420 57.0180963 9.9879879
2421 57.0180346 9.9879807
2422 57.0179758 9.9879861
2423 57.0178974 9.9880113
2424 57.0178259 9.9880671
2425 57.0177535 9.9881552
2426 57.0176575 9.9882128
2427 57.0175331 9.9882362
2428 57.0174165 9.9882398
2429 57.0172921 9.988265
2430 57.0172804 9.9883352
2431 57.0172588 9.9884629
2432 57.0172431 9.9886177
2433 57.0177836 9.9881186
2434 57.0172069 9.9905249
2435 57.0169845 9.9908128
2436 57.0178398 9.9862805
2437 57.0180021 9.9861589
2438 57.0180161 9.9850461
2439 57.0181735 9.9850381
2440 57.0181593 9.9861642
2441 57.0183295 9.9861666
2442 57.0183401 9.9853185
2443 57.01713 9.9642072
2444 57.0171486 9.963561
2445 57.0177493 9.9647669
2446 57.0180662 9.9648038
2447 57.0181882 9.9648179
2448 57.0183056 9.9648338
2449 57.0142772 9.9879249
2450 57.0142781 9.9877641
2451 57.0024038 10.0342336
2452 57.011652 10.0289146
2453 57.0143305 10.0311327
2454 57.0172881 9.9754097
2455 57.0149274 9.9817273
2456 57.0152562 9.9831961
2457 57.0152451 9.9839048
2458 57.015168 9.9826459
2459 57.0152146 9.9826042
2460 57.0156361 9.979158
2461 57.015637 9.9790294
2462 57.0157428 9.9790312
2463 57.006656 9.9979621
2464 57.0142696 9.9875354
2465 57.0142702 9.9874931
2466 57.0142862 9.9862353
2467 57.0142868 9.9861904
2468 57.0142893 9.9857682
2469 57.0119206 9.9792577
2470 57.0120629 9.9792912
2471 57.0168193 9.9947804
2472 57.0317229 9.9658733
2473 57.0120665 9.976312
2474 57.0119498 9.9763114
2475 57.0119494 9.9765648
2476 57.0119501 9.976082
2477 57.0120668 9.9764431
2478 57.0120726 9.9757381
2479 57.0144862 9.9720212
2480 57.0247924 9.9941098
2481 57.0249744 9.9945977
2482 57.0251547 9.994257
2483 57.0159883 9.9808726
2484 57.0171279 9.9774051
2485 57.0171227 9.9777803
2486 57.0171468 9.9779172
2487 57.0152579 9.9789027
2488 57.0152568 9.9790346
2489 57.0136299 9.9757842
2490 57.0126418 9.9757457
2491 57.0125924 9.9757447
2492 57.0111868 10.0012404
2493 57.0096979 10.002239
2494 57.0097391 10.0022401
2495 57.0106267 10.0022626
2496 57.015314 10.0042024
2497 57.0094615 10.0019325
2498 57.0094756 10.0017343
2499 57.0095102 10.0010654
2500 57.0077246 9.9980012
2501 57.0096223 10.0028685
2502 57.0096205 10.0027505
2503 57.009626 10.002315
2504 57.009682 10.0024407
2505 57.0097201 10.0024045
2506 57.0097202 10.0023683
2507 57.0097198 10.0024856
2508 57.0096829 10.0023683
2509 57.0096815 10.0024769
2510 57.0097003 10.0022804
2511 57.0115866 10.0033452
2512 57.0096913 10.0032971
2513 57.0096024 10.0033091
2514 57.0080959 10.0008175
2515 57.0113791 10.0012603
2516 57.0114396 10.0013075
2517 57.0114914 10.0013759
2518 57.0116141 10.0015998
2519 57.0116681 10.0017541
2520 57.0116743 10.0025088
2521 57.011679 10.0018798
2522 57.0116582 10.0048329
2523 57.0116669 10.0041501
2524 57.009663 10.0040479
2525 57.0097078 10.0040496
2526 57.0097081 10.0040194
2527 57.009704 10.0044208
2528 57.0096633 10.0040176
2529 57.0096592 10.0044166
2530 57.0096863 10.0038735
2531 57.0079227 10.0008011
2532 57.0079055 10.0031975
2533 57.007618 10.0031897
2534 57.0063822 9.9980246
2535 57.0156285 10.0046664
2536 57.0170916 10.0046369
2537 57.0173238 10.0046155
2538 57.0174348 10.0045779
2539 57.0175443 10.0044841
2540 57.0176246 10.0043285
2541 57.0176742 10.0041488
2542 57.0177093 10.0039181
2543 57.0177282 10.0036231
2544 57.0177399 10.0033763
2545 57.0177239 10.0032207
2546 57.0176815 10.003041
2547 57.017629 10.0029257
2548 57.0170245 10.0019816
2549 57.0169018 10.0018394
2550 57.0168127 10.001775
2551 57.0167295 10.0017187
2552 57.0166477 10.0016919
2553 57.0165353 10.0016972
2554 57.0164331 10.0017402
2555 57.0163367 10.0018072
2556 57.0162535 10.0019145
2557 57.0161761 10.0020593
2558 57.0161133 10.0022498
2559 57.0160739 10.0024429
2560 57.0159425 10.0031698
2561 57.0159074 10.0033227
2562 57.0158592 10.0034729
2563 57.0158008 10.0035989
2564 57.0156373 10.0038779
2565 57.0154599 10.0041112
2566 57.0153963 10.0041769
2567 57.0153511 10.0041997
2568 57.0146585 10.0041997
2569 57.0129383 10.0038564
2570 57.0128711 10.0038028
2571 57.0128332 10.0037169
2572 57.0128186 10.0035989
2573 57.0128127 10.003202
2574 57.012804 10.0030893
2575 57.0127602 10.0029874
2576 57.0127017 10.0029606
2577 57.0119511 10.0029498
2578 57.0118285 10.002923
2579 57.0117379 10.0028586
2580 57.0116729 10.0027104
2581 57.0165139 9.9924783
2582 57.0157528 9.9924354
2583 57.0104018 10.0022569
2584 57.0195813 10.0147097
2585 57.0195203 10.0146072
2586 57.0194544 10.0149951
2587 57.0193913 10.014892
2588 57.0193265 9.9891697
2589 57.0093674 9.9769086
2590 57.0094855 9.9750079
2591 57.0093685 9.976059
2592 57.0094003 9.976068
2593 57.0094537 9.9749992
2594 57.0092719 9.9760291
2595 57.0079702 9.9727347
2596 57.0088918 9.9727803
2597 57.0094446 9.9728058
2598 57.0063054 9.9979851
2599 57.0152088 10.0054553
2600 57.0147911 10.0054178
2601 57.0172034 10.005458
2602 57.0166485 10.0054875
2603 57.0213093 10.0050875
2604 57.0196426 9.993729
2605 57.0196667 9.994991
2606 57.019651 9.9943594
2607 57.0196453 9.9924852
2608 57.0196752 9.9912654
2609 57.0196548 9.9918696
2610 57.0197535 9.98998
2611 57.0197721 9.9896246
2612 57.019781 9.9892725
2613 57.0192453 9.9890727
2614 57.0193631 9.9894604
2615 57.0193675 9.9891029
2616 57.0195878 9.9892605
2617 57.0193078 9.9890533
2618 57.0192523 9.9885664
2619 57.0195958 9.9891083
2620 57.0194739 9.9891042
2621 57.0196966 9.9891831
2622 57.0185731 9.986042
2623 57.0185835 9.985281
2624 57.0119922 9.9945399
2625 57.0079744 9.9870006
2626 57.0103024 9.9795668
2627 57.0098314 9.9795574
2628 57.0099968 9.9788198
2629 57.0097515 9.9787728
2630 57.0096624 9.9787876
2631 57.010681 9.9804157
2632 57.0106927 9.9810661
2633 57.0107635 9.9801367
2634 57.0093237 9.979841
2635 57.0094099 9.9798102
2636 57.0094968 9.9796935
2637 57.0095715 9.979404
2638 57.0092733 9.9784275
2639 57.0092088 9.9790962
2640 57.0077595 9.9797984
2641 57.0077771 9.9802833
2642 57.0068021 9.9855115
2643 57.0066568 9.9854807
2644 57.0066751 9.9851548
2645 57.0079965 9.9848919
2646 57.0116348 9.9826858
2647 57.0112721 9.9821145
2648 57.0113356 9.9821091
2649 57.0113232 9.9826463
2650 57.0108217 9.9821668
2651 57.0105428 9.9830546
2652 57.0087582 9.9815633
2653 57.0117401 9.98042
2654 57.011849 9.9807884
2655 57.0118958 9.9807946
2656 57.0119139 9.9803324
2657 57.0150581 9.9754837
2658 57.0152769 9.9728829
2659 57.0152722 9.9734634
2660 57.0153082 9.9724851
2661 57.0153728 9.9723943
2662 57.0157451 9.9746473
2663 57.0156793 9.9737884
2664 57.0154958 9.9737553
2665 57.015481 9.9747832
2666 57.0157798 9.9749848
2667 57.0156774 9.973948
2668 57.0159131 9.9748028
2669 57.015772 9.9756443
2670 57.0160935 9.9759411
2671 57.0157041 9.9723889
2672 57.0156822 9.9733097
2673 57.0114043 9.9917406
2674 57.011259 9.9917326
2675 57.0108406 9.9917192
2676 57.0108369 9.9920797
2677 57.0109498 9.9917252
2678 57.0136299 9.9807826
2679 57.0155935 9.983826
2680 57.0145609 9.9842009
2681 57.0145493 9.9840265
2682 57.014406 9.9832936
2683 57.0143955 9.9840215
2684 57.0161817 9.9878342
2685 57.0159353 9.9873705
2686 57.0157542 9.9873658
2687 57.0161086 9.9881079
2688 57.0158983 9.9880986
2689 57.0157042 9.9877252
2690 57.0161906 9.9871521
2691 57.0161781 9.9881109
2692 57.0157491 9.9880921
2693 57.0157006 9.9879988
2694 57.0157081 9.9874262
2695 57.0168098 9.9937275
2696 57.0164985 9.9937045
2697 57.0186102 9.9745261
2698 57.0184691 9.9745183
2699 57.0186046 9.974802
2700 57.018405 9.9747911
2701 57.0186027 9.9751064
2702 57.0183344 9.9750916
2703 57.018595 9.9754039
2704 57.0182653 9.9753857
2705 57.0185955 9.9756952
2706 57.0181977 9.9756733
2707 57.0185876 9.9759936
2708 57.0181676 9.9759705
2709 57.0185797 9.9762763
2710 57.018165 9.9762535
2711 57.0181611 9.9787054
2712 57.0183981 9.9787117
2713 57.0185113 9.9784158
2714 57.0181637 9.9784004
2715 57.0185508 9.9769505
2716 57.0181843 9.9772324
2717 57.0185449 9.9772468
2718 57.0181808 9.9775236
2719 57.0185414 9.9775378
2720 57.018537 9.9778261
2721 57.0181734 9.9778063
2722 57.0163559 9.9916482
2723 57.0163544 9.991958
2724 57.0159724 9.9919514
2725 57.0165166 9.9922654
2726 57.0159708 9.992256
2727 57.0165242 9.9916511
2728 57.0118208 9.9831431
2729 57.0123555 9.9838864
2730 57.0123615 9.9831677
2731 57.0120391 9.9854642
2732 57.0118051 9.9854609
2733 57.012098 9.9856455
2734 57.0120974 9.9857717
2735 57.0117633 9.9857667
2736 57.0123451 9.984903
2737 57.0123434 9.9852881
2738 57.0116161 9.9845297
2739 57.0169 9.9725199
2740 57.0120384 9.9779724
2741 57.0144329 9.9758075
2742 57.0144784 9.9723622
2743 57.0136708 9.9723364
2744 57.0126876 9.9722837
2745 57.0126387 9.9722808
2746 57.022244 9.9670939
2747 57.0208817 9.97031
2748 57.0253706 9.9655042
2749 57.0252508 9.9661592
2750 57.0253367 9.9654897
2751 57.0261251 9.965827
2752 57.0250213 9.9653548
2753 57.024513 9.9652451
2754 57.0246193 9.9644497
2755 57.0246344 9.9653896
2756 57.0246604 9.9653263
2757 57.0247693 9.9645136
2758 57.0244688 9.9641585
2759 57.0247153 9.9635009
2760 57.0246181 9.9642261
2761 57.0242337 9.9640523
2762 57.0243248 9.9633726
2763 57.0247858 9.9655698
2764 57.0248115 9.9654788
2765 57.0249193 9.9645776
2766 57.0176286 9.9669698
2767 57.0224636 9.9705776
2768 57.0227603 9.9707987
2769 57.0231738 9.9708832
2770 57.027024 9.9644661
2771 57.0226704 9.9680729
2772 57.0229991 9.9683239
2773 57.0248488 9.9656447
2774 57.0228504 9.9674938
2775 57.0231416 9.9677202
2776 57.023738 9.966669
2777 57.0234433 9.9664419
2778 57.0238698 9.9631955
2779 57.0237712 9.9631674
2780 57.0237398 9.9631272
2781 57.023722 9.9630494
2782 57.023722 9.9629629
2783 57.0237855 9.9626001
2784 57.0237727 9.9624501
2785 57.0237057 9.9638078
2786 57.0237897 9.9638534
2787 57.0239232 9.9637716
2788 57.0240675 9.9638856
2789 57.0180789 9.9739523
2790 57.0180821 9.9736674
2791 57.0168247 9.9921223
2792 57.0177392 9.9921834
2793 57.0175314 9.9921786
2794 57.0182361 9.9938933
2795 57.0183249 9.993898
2796 57.0184651 9.9940567
2797 57.0184613 9.9943043
2798 57.0182292 9.9942922
2799 57.0180987 9.9929428
2800 57.0182334 9.9940532
2801 57.0180929 9.9940504
2802 57.0181023 9.9922703
2803 57.0177388 9.9922638
2804 57.0182607 9.9917515
2805 57.0170622 9.9865401
2806 57.0120104 9.9718885
2807 57.0118301 9.9717785
2808 57.011703 9.9716552
2809 57.0115636 9.9714982
2810 57.0114935 9.9714338
2811 57.0114395 9.9714244
2812 57.011376 9.9714621
2813 57.0113402 9.9715626
2814 57.0113241 9.9717973
2815 57.0113015 9.9722721
2816 57.0112591 9.9727441
2817 57.0113073 9.9729225
2818 57.011503 9.9730432
2819 57.0116432 9.9731679
2820 57.0117797 9.9733329
2821 57.0119127 9.9734442
2822 57.012107 9.974304
2823 57.012155 9.9735058
2824 57.0122054 9.972539
2825 57.0121733 9.9719301
2826 57.0096651 9.9732174
2827 57.0103711 9.9731666
2828 57.0104566 9.9731276
2829 57.0105077 9.9729976
2830 57.0105304 9.9727924
2831 57.0105676 9.9723364
2832 57.0106136 9.9717075
2833 57.01061 9.9715626
2834 57.0105705 9.9714057
2835 57.0104595 9.9713226
2836 57.0103419 9.9713387
2837 57.0101945 9.9714915
2838 57.010139 9.9716297
2839 57.0100207 9.9731827
2840 57.0094447 9.9759494
2841 57.0101678 9.9759054
2842 57.0095509 9.9746331
2843 57.0102542 9.9748027
2844 57.0102792 9.9744487
2845 57.0101448 9.9762243
2846 57.020366 9.9667049
2847 57.0206291 9.9676387
2848 57.0205716 9.9677048
2849 57.0210085 9.9669382
2850 57.0220092 9.9651344
2851 57.0219598 9.9652564
2852 57.0204444 9.9653036
2853 57.0203956 9.9657329
2854 57.0069201 9.9760548
2855 57.0074572 9.9765957
2856 57.006923 9.9759176
2857 57.0180153 9.9703326
2858 57.0186913 9.9691551
2859 57.0188096 9.96908
2860 57.0149025 9.9720155
2861 57.0120712 9.9760487
2862 57.0123956 9.9772603
2863 57.0124289 9.9745895
2864 57.0124106 9.97606
2865 57.0135387 9.9729869
2866 57.0135491 9.972329
2867 57.0133708 9.9729815
2868 57.0133737 9.9723183
2869 57.0131911 9.9729788
2870 57.0131957 9.9723075
2871 57.0130203 9.9729761
2872 57.0130218 9.9722969
2873 57.0128465 9.9729708
2874 57.012848 9.9722863
2875 57.0060857 10.0030611
2876 57.0061437 10.0033767
2877 57.0060397 10.0030632
2878 57.0059379 10.0033473
2879 57.0060762 10.0028714
2880 57.0057446 10.0042226
2881 57.0070719 10.0041863
2882 57.0065257 10.004138
2883 57.006422 10.0041676
2884 57.0070763 10.0040147
2885 57.0065373 10.0038725
2886 57.0064336 10.0037974
2887 57.0145038 9.9610359
2888 57.0235473 9.9994526
2889 57.0236645 9.9992296
2890 57.0233871 9.9987173
2891 57.0239637 9.9996859
2892 57.0223243 9.9784076
2893 57.0223652 9.9783915
2894 57.022374 9.9789762
2895 57.0230835 9.9789226
2896 57.0230777 9.9769208
2897 57.0085536 9.991769
2898 57.0083645 9.9917275
2899 57.008095 9.9918519
2900 57.0118155 9.983536
2901 57.0118243 9.982895
2902 57.0120068 9.9837399
2903 57.0120126 9.9831518
2904 57.012017 9.9827501
2905 57.0121824 9.9837398
2906 57.0121842 9.9831596
2907 57.0121854 9.9827608
2908 57.0123646 9.9827957
2909 57.0074571 9.9770073
2910 57.012395 9.9781105
2911 57.0069149 9.975594
2912 57.0069018 9.9754183
2913 57.0068725 9.9752359
2914 57.0080015 9.9873593
2915 57.0080867 9.9872091
2916 57.0152153 9.9683749
2917 57.0144054 9.9723604
2918 57.0143613 9.9758115
2919 57.017084 9.9724462
2920 57.0170929 9.971636
2921 57.0172497 9.9724536
2922 57.0172586 9.9716422
2923 57.0174184 9.9724611
2924 57.0174273 9.9716484
2925 57.0169243 9.9716298
2926 57.0169154 9.9724386
2927 57.0165896 9.9721985
2928 57.016596 9.9716176
2929 57.0167557 9.9722046
2930 57.0164177 9.9721921
2931 57.0164241 9.9716113
2932 57.016762 9.9716238
2933 57.0167532 9.9724322
2934 57.0151299 9.9674961
2935 57.0219841 9.9761197
2936 57.0219988 9.9769618
2937 57.0218133 9.9762779
2938 57.0218294 9.9769715
2939 57.0216425 9.9761438
2940 57.0216586 9.9769812
2941 57.0214775 9.9761733
2942 57.021495 9.9769906
2943 57.021314 9.9761841
2944 57.0213286 9.9770001
2945 57.0211534 9.9761975
2946 57.0211695 9.9770092
2947 57.0209797 9.9762055
2948 57.0209986 9.977019
2949 57.0208147 9.976176
2950 57.0208366 9.9770282
2951 57.020657 9.9761814
2952 57.0206731 9.9770375
2953 57.020492 9.9761921
2954 57.0205081 9.977047
2955 57.0297026 9.9655181
2956 57.0065519 9.9911883
2957 57.0064409 9.9917006
2958 57.0063102 9.9927735
2959 57.012104 9.9930535
2960 57.0118396 9.9936761
2961 57.0096928 10.0021707
2962 57.0096804 10.0021049
2963 57.0114053 9.9927035
2964 57.011249 9.9926985
2965 57.0156587 9.9797464
2966 57.0167111 9.9834116
2967 57.0115568 9.9625126
2968 57.0047632 9.9655782
2969 57.0044454 9.9640706
2970 57.0045778 9.9646985
2971 57.0157003 9.9827755
2972 57.0153253 9.9817053
2973 57.0142792 10.0337461
2974 57.006011 9.9980146
2975 57.0060935 9.9990888
2976 57.0056987 9.9962542
2977 57.0060079 9.9988608
2978 57.0060375 9.9991565
2979 57.0060871 9.9995602
2980 57.0058827 10.0044484
2981 57.0057093 10.0037589
2982 57.0057007 10.0039975
2983 57.0060657 10.0044963
2984 57.0062325 10.0043501
2985 57.0063355 10.0039728
2986 57.006336 10.0038673
2987 57.0062392 10.0034933
2988 57.0060071 10.0033292
2989 57.0060768 10.0033391
2990 57.0060159 10.0031537
2991 57.0060999 10.0031684
2992 57.0061262 10.0032744
2993 57.0059863 10.0032388
2994 57.0076059 9.9762806
2995 57.0076084 9.9771315
2996 57.006782 9.9760442
2997 57.0067909 9.9749159
2998 57.0073149 9.9770396
2999 57.0070593 9.9770879
3000 57.0069162 9.9771093
3001 57.0068023 9.9771388
3002 57.0067818 9.9771549
3003 57.013709 9.9780935
3004 57.0137118 9.9780121
3005 57.0126118 9.9780563
3006 57.0126373 9.9779627
3007 57.0124938 9.9778041
3008 57.012383 9.9779294
3009 57.0123803 9.9780536
3010 57.0123762 9.9779911
3011 57.0124101 9.9781426
3012 57.0124578 9.9781897
3013 57.0125198 9.9781829
3014 57.0124891 9.9781948
3015 57.0125649 9.9781243
3016 57.0125875 9.9780368
3017 57.0125892 9.9779838
3018 57.0125711 9.977889
3019 57.0125258 9.9778197
3020 57.0124607 9.9778073
3021 57.0124672 9.9777478
3022 57.0123642 9.9779067
3023 57.0122489 9.9779396
3024 57.0122481 9.9780254
3025 57.0123485 9.978071
3026 57.0124442 9.9782333
3027 57.0125263 9.9784733
3028 57.0125329 9.9782272
3029 57.0125475 9.9777739
3030 57.0126351 9.9780495
3031 57.012611 9.9779503
3032 57.014311 9.9779864
3033 57.014311 9.9780504
3034 57.0139828 9.9781036
3035 57.0139837 9.9780274
3036 57.0135907 9.9780891
3037 57.0135917 9.9780053
3038 57.0131815 9.9780741
3039 57.0131827 9.9779822
3040 57.0145568 9.9779511
3041 57.0145558 9.9780252
3042 57.014336 9.9780301
3043 57.0142601 9.9780918
3044 57.014221 9.9780408
3045 57.0143419 9.9779604
3046 57.0147847 9.9779758
3047 57.0148051 9.978008
3048 57.0148212 9.9780609
3049 57.0148124 9.9780737
3050 57.0147843 9.9780449
3051 57.012746 9.9779705
3052 57.0142587 9.9780305
3053 57.0143782 9.9779435
3054 57.0147559 9.9779596
3055 57.0199672 10.0051053
3056 57.019957 10.0049049
3057 57.0202933 10.0044033
3058 57.0204274 10.0044952
3059 57.0204067 10.0054368
3060 57.0205371 10.0047437
3061 57.0205591 10.0049184
3062 57.0205496 10.0050968
3063 57.0202645 10.0055088
3064 57.0203139 10.0054993
3065 57.0205672 10.0068786
3066 57.0204433 10.0056505
3067 57.0201888 10.0044141
3068 57.0203447 10.0044229
3069 57.0203592 10.0044069
3070 57.0202135 10.0040904
3071 57.0202398 10.0041826
3072 57.0203113 10.0043375
3073 57.0200889 10.0041505
3074 57.0200807 10.0043727
3075 57.0200708 10.0044435
3076 57.0198958 10.0052505
3077 57.0198817 10.0049669
3078 57.019927 10.0049052
3079 57.0194787 10.0050634
3080 57.0182858 10.0053987
3081 57.01828 10.0052699
3082 57.0061086 9.9999068
3083 57.006124 10.0004473
3084 57.0061313 10.0010964
3085 57.0061196 10.0017375
3086 57.0060977 10.0023892
3087 57.0057382 9.9960188
3088 57.0038023 9.976484
3089 57.0054362 9.9941147
3090 57.0120674 9.9879632
3091 57.0118505 9.9879533
3092 57.0227119 9.980776
3093 57.0227112 9.980196
3094 57.0130772 9.9643797
3095 57.0131146 9.9641671
3096 57.0132342 9.9644642
3097 57.0132708 9.9642573
3098 57.0133795 9.96455
3099 57.0134144 9.9643402
3100 57.012938 9.9641639
3101 57.0123133 9.9637954
3102 57.0124895 9.9639653
3103 57.0124535 9.9641727
3104 57.0126275 9.9640444
3105 57.0125914 9.9642523
3106 57.0127801 9.9641329
3107 57.0127463 9.9643417
3108 57.0119754 9.96374
3109 57.0120087 9.9635292
3110 57.0118119 9.9636514
3111 57.0118511 9.9634414
3112 57.0163745 9.9922612
3113 57.0163789 9.9916483
3114 57.014382 9.9864931
3115 57.0143798 9.9868231
3116 57.0142788 9.986819
3117 57.0211154 10.0004098
3118 57.021103 10.0003494
3119 57.0213125 10.0001912
3120 57.0109506 9.9635556
3121 57.0107684 9.9738452
3122 57.0114183 9.9741724
3123 57.01034 9.9773631
3124 57.0094075 9.9769898
3125 57.0122273 9.9636511
3126 57.0107734 10.0281952
3127 57.0168228 9.9681008
3128 57.0113928 9.9860312
3129 57.0114236 9.986066
3130 57.0156601 9.986638
3131 57.0156627 9.9863778
3132 57.0156583 9.986815
3133 57.0111248 9.9904326
3134 57.0110119 9.9904278
3135 57.0106932 9.9901214
3136 57.0106858 9.9907102
3137 57.0106895 9.9904141
3138 57.0154151 9.9871935
3139 57.0062525 9.9978697
3140 57.0061146 9.9979897
3141 57.0055697 9.9950346
3142 57.0122806 9.9734348
3143 57.012239 9.9734066
3144 57.0124954 9.9734432
3145 57.0121574 9.9734106
3146 57.0125128 9.9725497
3147 57.012212 9.971981
3148 57.0122186 9.9721487
3149 57.0112642 9.9728541
3150 57.0201462 9.9673182
3151 57.0201543 9.967191
3152 57.0201208 9.9670115
3153 57.020108 9.9669264
3154 57.0201117 9.9668714
3155 57.0201431 9.9668366
3156 57.0203008 9.9667346
3157 57.0203256 9.9667266
3158 57.0203511 9.96674
3159 57.0203745 9.9667642
3160 57.0204124 9.9668293
3161 57.0201989 9.9672948
3162 57.0206103 9.9645457
3163 57.0206088 9.9637659
3164 57.0207577 9.9645458
3165 57.0207563 9.963766
3166 57.0153652 9.9730992
3167 57.0155327 9.9728539
3168 57.0172693 9.9781512
3169 57.0181586 9.9788829
3170 57.0181373 9.9789651
3171 57.0155123 9.9822707
3172 57.0175731 9.9820209
3173 57.017626 9.9819757
3174 57.0172585 9.9820647
3175 57.016494 9.9811418
3176 57.0165587 9.9811776
3177 57.0171523 9.9773144
3178 57.0155397 9.9723834
3179 57.0152751 9.9730997
3180 57.0248146 10.018073
3181 57.0247613 10.01802
3182 57.024978 10.0167171
3183 57.0249493 10.0166882
3184 57.0236688 10.0175474
3185 57.0229753 10.0168373
3186 57.0245244 10.0184235
3187 57.0245784 10.0184396
3188 57.0246281 10.0183994
3189 57.0246704 10.0183189
3190 57.0248996 10.0175652
3191 57.024801 10.0171055
3192 57.0231921 10.0142481
3193 57.0251514 10.015747
3194 57.0252222 10.0158164
3195 57.0248762 10.0169215
3196 57.0117951 9.9681267
3197 57.0127457 9.9686632
3198 57.024957 10.0014222
3199 57.0253609 10.0002971
3200 57.0254893 10.0050892
3201 57.0250557 10.0015405
3202 57.002663 9.9547215
3203 57.0171557 9.9628367
3204 57.0173374 9.961118
3205 57.017267 9.9611378
3206 57.0172201 9.9612443
3207 57.0169578 9.9618933
3208 57.0169805 9.9619161
3209 57.0169334 9.9618825
3210 57.0168728 9.961906
3211 57.0168487 9.9619436
3212 57.016825 9.9620448
3213 57.0168283 9.9621192
3214 57.0169823 9.9627221
3215 57.0177865 9.9819918
3216 57.0121274 9.963596
3217 57.0122113 9.963643
3218 57.0047222 9.9653835
3219 57.0047725 9.9656223
3220 57.0030655 9.9572895
3221 57.0108527 9.9952973
3222 57.0108703 9.9955119
3223 57.0108673 9.9961154
3224 57.0108529 9.9963318
3225 57.0104964 9.9953349
3226 57.0107841 9.9955199
3227 57.006306 9.9939498
3228 57.0131014 9.9825909
3229 57.0130864 9.9826217
3230 57.0130643 9.9826409
3231 57.0131142 9.9825494
3232 57.0127143 9.9824961
3233 57.0127247 9.9825526
3234 57.0127386 9.982593
3235 57.0127607 9.9826217
3236 57.0128456 9.9810019
3237 57.012842 9.9810289
3238 57.0128323 9.9810712
3239 57.0127369 9.9812662
3240 57.0127273 9.9813109
3241 57.012819 9.9811067
3242 57.0132236 9.9806788
3243 57.0132134 9.9806674
3244 57.0131941 9.9806567
3245 57.0132785 9.9808524
3246 57.0132769 9.9808198
3247 57.0132762 9.98089
3248 57.0132688 9.9809267
3249 57.0132357 9.9806989
3250 57.0131517 9.9811622
3251 57.013143 9.9811998
3252 57.0131616 9.9811328
3253 57.0129276 9.9806459
3254 57.01291 9.9806546
3255 57.0128881 9.9806727
3256 57.0128695 9.9807023
3257 57.0128575 9.9807405
3258 57.0111385 9.990145
3259 57.0111312 9.9907251
3260 57.0114104 9.9901565
3261 57.0114031 9.9907366
3262 57.0112986 9.9904399
3263 57.010552 9.9904083
3264 57.0106674 9.9904132
3265 57.0109959 9.9904271
3266 57.0109922 9.9907232
3267 57.0109996 9.9901344
3268 57.0107878 9.9921486
3269 57.0111004 9.9920892
3270 57.0112553 9.9920948
3271 57.0109452 9.9920836
3272 57.0114 9.9920373
3273 57.0113292 9.9927011
3274 57.011105 9.9917597
3275 57.0109378 9.9929841
3276 57.0109342 9.9929606
3277 57.0055458 9.9948586
3278 57.005937 9.9981212
3279 57.0060824 9.9988581
3280 57.0060648 9.9985953
3281 57.006044 9.9983519
3282 57.0060944 9.9991512
3283 57.0058702 9.9975217
3284 57.0057581 9.9966614
3285 57.005814 9.9970698
3286 57.0058103 9.9964616
3287 57.005875 9.9969015
3288 57.005944 9.9974218
3289 57.0060521 9.9977296
3290 57.0061609 9.996821
3291 57.0061034 9.9977368
3292 57.0059803 9.9977476
3293 57.0055916 9.9952056
3294 57.0056467 9.9955456
3295 57.0056172 9.9953733
3296 57.0056796 9.9957179
3297 57.0060177 9.9939218
3298 57.0057821 9.9939228
3299 57.005872 9.9940583
3300 57.0060181 9.9940181
3301 57.0057033 9.9940878
3302 57.0061503 9.9939591
3303 57.0116112 9.9954778
3304 57.0115804 9.9955127
3305 57.0114986 9.9955664
3306 57.0114219 9.9955872
3307 57.0108908 9.9942792
3308 57.0115867 9.9936774
3309 57.0193791 9.9679973
3310 57.0170321 9.9653644
3311 57.0127114 9.9722847
3312 57.012586 9.9744289
3313 57.0126656 9.9757467
3314 57.0144868 9.9717648
3315 57.0144965 9.9716342
3316 57.0137738 9.9766784
3317 57.0137789 9.9762032
3318 57.013995 9.976688
3319 57.0139994 9.9762133
3320 57.0141871 9.9760607
3321 57.0141777 9.9766959
3322 57.0141847 9.9762217
3323 57.0136818 9.9761988
3324 57.014282 9.9767004
3325 57.0113387 9.9795234
3326 57.0113796 9.9790326
3327 57.0100493 9.9845444
3328 57.0100678 9.984521
3329 57.0102248 9.9842226
3330 57.0098936 9.9820635
3331 57.0095599 9.9832758
3332 57.0185778 9.9863978
3333 57.0185463 9.9879351
3334 57.01582 9.9908672
3335 57.0156114 9.979429
3336 57.0155314 9.978826
3337 57.0148862 9.9831435
3338 57.0234404 9.9757537
3339 57.023485 9.9756544
3340 57.0097871 9.9823781
3341 57.0096774 9.9828451
3342 57.0169808 9.9637011
3343 57.0169922 9.9634047
3344 57.0168768 9.9649926
3345 57.0169199 9.9646036
3346 57.0063949 9.9920246
3347 57.0063988 9.9919974
3348 57.0132342 9.9676094
3349 57.0130677 9.9675845
3350 57.0131891 9.9678662
3351 57.0130689 9.9682383
3352 57.0124047 9.9798912
3353 57.0124083 9.9798627
3354 57.0207015 9.9757865
3355 57.0201767 9.9758005
3356 57.0215252 9.9902482
3357 57.0215241 9.990896
3358 57.0186587 9.9794637
3359 57.0186685 9.9787684
3360 57.0153809 9.9761339
3361 57.0171896 9.9843099
3362 57.0168717 9.9842948
3363 57.0168856 9.98393
3364 57.0264297 9.9599344
3365 57.0243945 10.0080916

